0.0	1.0000000000000002
0.004	0.5378396412305314
0.008	0.0418848397667141
0.012	-0.4567017402213111
0.016	-0.9265920702397238
0.02	-1.3382612127177158
0.024	-1.6658424814201989
0.028	-1.888752740474962
0.032	-1.9929857184990087
0.036000000000000004	-1.9719920741410097
0.04	-1.8270909152852022
0.044	-1.5673869146516797
0.048	-1.2091982297247494
0.052000000000000005	-0.7750311729042064
0.056	-0.29216605712482313
0.06	0.209056926535306
0.064	0.6971440946436303
0.068	1.1414271353688636
0.07200000000000001	1.5139901113035124
0.076	1.791423520478825
0.08	1.9562952014676112
0.084	1.9982456601977168
0.088	1.914638995064135
0.092	1.7107285203210136
0.096	1.3993266810267309
0.1	1.000000000000001
0.10400000000000001	0.537839641230532
0.108	0.041884839766715476
0.112	-0.45670174022131066
0.116	-0.9265920702397232
0.12	-1.3382612127177167
0.124	-1.6658424814201997
0.128	-1.8887527404749627
0.132	-1.992985718499009
0.136	-1.9719920741410093
0.14	-1.8270909152852017
0.14400000000000002	-1.5673869146516788
0.148	-1.2091982297247512
0.152	-0.775031172904207
0.156	-0.2921660571248236
0.16	0.20905692653530725
0.164	0.6971440946436314
0.168	1.1414271353688648
0.17200000000000001	1.5139901113035144
0.176	1.7914235204788256
0.18	1.9562952014676114
0.184	1.9982456601977168
0.188	1.914638995064134
0.192	1.710728520321012
0.196	1.3993266810267313
0.2	0.9999999999999999
0.20400000000000001	0.5378396412305306
0.20800000000000002	0.041884839766712416
0.212	-0.45670174022131016
0.216	-0.9265920702397229
0.22	-1.3382612127177165
0.224	-1.6658424814201993
0.228	-1.8887527404749627
0.232	-1.992985718499009
0.23600000000000002	-1.9719920741410093
0.24	-1.8270909152852033
0.244	-1.5673869146516792
0.248	-1.2091982297247514
0.252	-0.7750311729042106
0.256	-0.2921660571248241
0.26	0.20905692653530322
0.264	0.6971440946436309
0.268	1.1414271353688614
0.272	1.5139901113035141
0.276	1.7914235204788254
0.28	1.9562952014676105
0.28400000000000003	1.9982456601977168
0.28800000000000003	1.9146389950641352
0.292	1.710728520321016
0.296	1.3993266810267366
0.3	1.0000000000000033
0.304	0.537839641230538
0.308	0.041884839766716454
0.312	-0.4567017402213062
0.316	-0.9265920702397225
0.32	-1.3382612127177134
0.324	-1.665842481420199
0.328	-1.8887527404749613
0.332	-1.9929857184990087
0.336	-1.97199207414101
0.34	-1.8270909152852035
0.34400000000000003	-1.5673869146516797
0.34800000000000003	-1.2091982297247519
0.352	-0.7750311729042112
0.356	-0.29216605712483157
0.36	0.20905692653530275
0.364	0.6971440946436237
0.368	1.1414271353688612
0.372	1.5139901113035092
0.376	1.7914235204788251
0.38	1.9562952014676105
0.384	1.9982456601977168
0.388	1.9146389950641354
0.392	1.7107285203210163
0.396	1.399326681026732
0.4	1.0000000000000038
0.404	0.5378396412305316
0.40800000000000003	0.04188483976671695
0.41200000000000003	-0.45670174022131266
0.41600000000000004	-0.926592070239722
0.42	-1.3382612127177131
0.424	-1.6658424814201949
0.428	-1.8887527404749611
0.432	-1.992985718499008
0.436	-1.9719920741410102
0.44	-1.8270909152852037
0.444	-1.56738691465168
0.448	-1.209198229724752
0.452	-0.7750311729042115
0.456	-0.2921660571248251
0.46	0.20905692653530225
0.464	0.69714409464363
0.468	1.1414271353688608
0.47200000000000003	1.5139901113035135
0.47600000000000003	1.791423520478825
0.48	1.9562952014676103
0.484	1.998245660197717
0.488	1.9146389950641356
0.492	1.7107285203210165
0.496	1.3993266810267324
0.5	1.0000000000000044
0.504	0.5378396412305388
0.508	0.041884839766710334
0.512	-0.4567017402213122
0.516	-0.9265920702397216
0.52	-1.3382612127177127
0.524	-1.6658424814201946
0.528	-1.8887527404749633
0.532	-1.9929857184990087
0.536	-1.9719920741410102
0.54	-1.827090915285204
0.544	-1.5673869146516757
0.548	-1.209198229724747
0.552	-0.7750311729042054
0.556	-0.2921660571248256
0.56	0.20905692653530178
0.5640000000000001	0.6971440946436362
0.5680000000000001	1.141427135368866
0.5720000000000001	1.5139901113035132
0.5760000000000001	1.7914235204788247
0.58	1.9562952014676103
0.584	1.998245660197717
0.588	1.9146389950641376
0.592	1.7107285203210205
0.596	1.3993266810267326
0.6	1.0000000000000047
0.604	0.5378396412305394
0.608	0.04188483976672503
0.612	-0.4567017402212979
0.616	-0.9265920702397211
0.62	-1.3382612127177123
0.624	-1.6658424814201944
0.628	-1.8887527404749584
0.632	-1.9929857184990087
0.636	-1.9719920741410104
0.64	-1.8270909152852042
0.644	-1.5673869146516848
0.648	-1.2091982297247474
0.652	-0.775031172904206
0.656	-0.292166057124826
0.66	0.2090569265353013
0.664	0.6971440946436357
0.668	1.1414271353688656
0.672	1.5139901113035128
0.676	1.7914235204788245
0.68	1.95629520146761
0.684	1.9982456601977165
0.6880000000000001	1.9146389950641338
0.6920000000000001	1.7107285203210134
0.6960000000000001	1.399326681026733
0.7000000000000001	0.9999999999999928
0.704	0.5378396412305398
0.708	0.04188483976672552
0.712	-0.4567017402212974
0.716	-0.9265920702397207
0.72	-1.338261212717712
0.724	-1.665842481420194
0.728	-1.8887527404749582
0.732	-1.9929857184990074
0.736	-1.9719920741410104
0.74	-1.8270909152852042
0.744	-1.5673869146516852
0.748	-1.209198229724759
0.752	-0.7750311729042063
0.756	-0.29216605712482646
0.76	0.2090569265353008
0.764	0.697144094643622
0.768	1.1414271353688652
0.772	1.5139901113035124
0.776	1.7914235204788242
0.78	1.95629520146761
0.784	1.998245660197717
0.788	1.9146389950641338
0.792	1.7107285203210136
0.796	1.3993266810267333
0.8	1.0000000000000056
0.804	0.5378396412305265
0.808	0.0418848397667118
0.812	-0.45670174022131077
0.8160000000000001	-0.9265920702397203
0.8200000000000001	-1.3382612127177222
0.8240000000000001	-1.6658424814202015
0.8280000000000001	-1.8887527404749627
0.8320000000000001	-1.9929857184990085
0.836	-1.9719920741410129
0.84	-1.8270909152852044
0.844	-1.5673869146516854
0.848	-1.2091982297247594
0.852	-0.77503117290422
0.856	-0.29216605712482696
0.86	0.20905692653530034
0.864	0.6971440946436215
0.868	1.1414271353688532
0.872	1.5139901113035121
0.876	1.791423520478824
0.88	1.9562952014676098
0.884	1.9982456601977172
0.888	1.914638995064134
0.892	1.7107285203210139
0.896	1.3993266810267335
0.9	1.0000000000000058
0.904	0.5378396412305408
0.908	0.04188483976671229
0.912	-0.45670174022131027
0.916	-0.9265920702397198
0.92	-1.3382612127177114
0.924	-1.6658424814202015
0.928	-1.8887527404749627
0.932	-1.9929857184990085
0.936	-1.9719920741410106
0.9400000000000001	-1.8270909152851988
0.9440000000000001	-1.567386914651677
0.9480000000000001	-1.2091982297247488
0.9520000000000001	-0.7750311729042073
0.9560000000000001	-0.29216605712482746
0.96	0.20905692653529984
0.964	0.697144094643621
0.968	1.1414271353688528
0.972	1.5139901113035026
0.976	1.7914235204788238
0.98	1.9562952014676098
0.984	1.9982456601977172
0.988	1.9146389950641383
0.992	1.710728520321014
0.996	1.3993266810267342
1.0	1.0000000000000064
1.004	0.5378396412305275
1.008	0.041884839766712784
1.012	-0.4567017402213098
1.016	-0.9265920702397195
1.02	-1.338261212717732
1.024	-1.665842481420209
1.028	-1.888752740474967
1.032	-1.9929857184990096
1.036	-1.9719920741410082
1.04	-1.827090915285199
1.044	-1.5673869146516772
1.048	-1.209198229724749
1.052	-0.7750311729041814
1.056	-0.29216605712479987
1.06	0.2090569265353276
1.064	0.6971440946436472
1.068	1.1414271353688756
1.072	1.5139901113035208
1.076	1.7914235204788298
1.08	1.9562952014676127
1.084	1.9982456601977165
1.088	1.914638995064126
1.092	1.7107285203209996
1.096	1.399326681026714
1.1	0.9999999999999822
1.104	0.5378396412305144
1.108	0.04188483976669906
1.112	-0.4567017402213232
1.116	-0.9265920702397316
1.12	-1.3382612127177211
1.124	-1.6658424814202166
1.1280000000000001	-1.8887527404749715
1.1320000000000001	-1.992985718499011
1.1360000000000001	-1.971992074141006
1.1400000000000001	-1.8270909152851935
1.1440000000000001	-1.5673869146516686
1.1480000000000001	-1.2091982297247381
1.1520000000000001	-0.7750311729041951
1.156	-0.2921660571248144
1.16	0.209056926535313
1.164	0.6971440946436335
1.168	1.1414271353688636
1.172	1.5139901113035112
1.176	1.7914235204788234
1.18	1.9562952014676096
1.184	1.9982456601977172
1.188	1.9146389950641385
1.192	1.7107285203210072
1.196	1.3993266810267246
1.2	0.9999999999999949
1.204	0.5378396412305285
1.208	0.04188483976671376
1.212	-0.4567017402213089
1.216	-0.9265920702397186
1.22	-1.3382612127177103
1.224	-1.6658424814201926
1.228	-1.8887527404749669
1.232	-1.9929857184990096
1.236	-1.9719920741410084
1.24	-1.8270909152851995
1.244	-1.567386914651678
1.248	-1.2091982297247497
1.252	-0.7750311729042086
1.256	-0.29216605712482896
1.26	0.20905692653532665
1.264	0.6971440946436464
1.268	1.141427135368875
1.272	1.5139901113035201
1.276	1.7914235204788294
1.28	1.9562952014676125
1.284	1.9982456601977165
1.288	1.9146389950641345
1.292	1.710728520321015
1.296	1.3993266810267149
1.3	0.999999999999983
1.304	0.5378396412305152
1.308	0.04188483976670004
1.312	-0.4567017402213222
1.316	-0.9265920702397308
1.32	-1.3382612127177205
1.324	-1.6658424814202002
1.328	-1.8887527404749713
1.332	-1.9929857184990107
1.336	-1.9719920741410062
1.34	-1.827090915285194
1.344	-1.5673869146516692
1.348	-1.2091982297247388
1.352	-0.775031172904196
1.356	-0.29216605712481536
1.36	0.209056926535312
1.364	0.6971440946436591
1.368	1.1414271353688863
1.372	1.513990111303529
1.3760000000000001	1.7914235204788356
1.3800000000000001	1.9562952014676154
1.3840000000000001	1.998245660197716
1.3880000000000001	1.9146389950641307
1.3920000000000001	1.7107285203210076
1.3960000000000001	1.399326681026725
1.4000000000000001	0.999999999999971
1.4040000000000001	0.5378396412305021
1.408	0.04188483976671474
1.412	-0.4567017402213079
1.416	-0.9265920702397177
1.42	-1.3382612127177096
1.424	-1.6658424814201922
1.428	-1.8887527404749571
1.432	-1.9929857184990096
1.436	-1.9719920741410086
1.44	-1.8270909152852
1.444	-1.5673869146516783
1.448	-1.2091982297247506
1.452	-0.7750311729042095
1.456	-0.2921660571248299
1.46	0.2090569265352974
1.464	0.6971440946436187
1.468	1.141427135368874
1.472	1.5139901113035195
1.476	1.791423520478829
1.48	1.9562952014676123
1.484	1.9982456601977165
1.488	1.914638995064135
1.492	1.7107285203210154
1.496	1.3993266810267357
1.5	1.0000000000000087
1.504	0.5378396412305162
1.508	0.04188483976670102
1.512	-0.45670174022132126
1.516	-0.9265920702397299
1.52	-1.3382612127177196
1.524	-1.6658424814201997
1.528	-1.8887527404749616
1.532	-1.9929857184990083
1.536	-1.9719920741410064
1.54	-1.8270909152851942
1.544	-1.56738691465167
1.548	-1.2091982297247397
1.552	-0.7750311729041968
1.556	-0.2921660571248163
1.56	0.20905692653531105
1.564	0.6971440946436317
1.568	1.141427135368862
1.572	1.5139901113035286
1.576	1.7914235204788351
1.58	1.9562952014676152
1.584	1.998245660197716
1.588	1.914638995064131
1.592	1.7107285203210083
1.596	1.399326681026726
1.6	0.9999999999999967
1.604	0.5378396412305031
1.608	0.041884839766687304
1.612	-0.45670174022133464
1.616	-0.926592070239742
1.62	-1.3382612127177298
1.624	-1.6658424814202075
1.6280000000000001	-1.8887527404749662
1.6320000000000001	-1.9929857184990094
1.6360000000000001	-1.9719920741410089
1.6400000000000001	-1.8270909152851886
1.6440000000000001	-1.5673869146516615
1.6480000000000001	-1.2091982297247288
1.6520000000000001	-0.7750311729041842
1.6560000000000001	-0.29216605712480276
1.6600000000000001	0.20905692653532468
1.6640000000000001	0.6971440946436445
1.668	1.1414271353688499
1.672	1.5139901113035004
1.676	1.7914235204788285
1.68	1.956295201467612
1.684	1.9982456601977168
1.688	1.9146389950641352
1.692	1.710728520321016
1.696	1.3993266810267364
1.7	1.0000000000000093
1.704	0.5378396412305445
1.708	0.041884839766702
1.712	-0.4567017402213203
1.716	-0.926592070239729
1.72	-1.338261212717719
1.724	-1.665842481420199
1.728	-1.8887527404749613
1.732	-1.9929857184990083
1.736	-1.9719920741410113
1.74	-1.8270909152852062
1.744	-1.5673869146516706
1.748	-1.2091982297247403
1.752	-0.7750311729041978
1.756	-0.2921660571248173
1.76	0.20905692653531008
1.764	0.6971440946436307
1.768	1.1414271353688612
1.772	1.5139901113035092
1.776	1.7914235204788347
1.78	1.956295201467615
1.784	1.998245660197716
1.788	1.9146389950641312
1.792	1.710728520321009
1.796	1.3993266810267266
1.8	0.9999999999999974
1.804	0.5378396412305314
1.808	0.0418848397667167
1.812	-0.45670174022133364
1.816	-0.9265920702397411
1.82	-1.3382612127177291
1.824	-1.6658424814202069
1.828	-1.8887527404749658
1.832	-1.9929857184990094
1.836	-1.9719920741410089
1.84	-1.8270909152852006
1.844	-1.5673869146516797
1.848	-1.2091982297247295
1.852	-0.7750311729041851
1.856	-0.2921660571248037
1.86	0.2090569265353237
1.864	0.6971440946436436
1.868	1.1414271353688725
1.872	1.5139901113035181
1.8760000000000001	1.791423520478828
1.8800000000000001	1.9562952014676178
1.8840000000000001	1.9982456601977154
1.8880000000000001	1.9146389950641272
1.8920000000000001	1.7107285203210016
1.8960000000000001	1.3993266810267169
1.9000000000000001	0.9999999999999855
1.9040000000000001	0.5378396412305181
1.9080000000000001	0.04188483976670298
1.9120000000000001	-0.4567017402213193
1.9160000000000001	-0.9265920702397533
1.92	-1.3382612127177183
1.924	-1.6658424814201986
1.928	-1.8887527404749611
1.932	-1.992985718499008
1.936	-1.9719920741410113
1.94	-1.8270909152852066
1.944	-1.5673869146516888
1.948	-1.2091982297247639
1.952	-0.7750311729041987
1.956	-0.29216605712481825
1.96	0.20905692653530908
1.964	0.6971440946436298
1.968	1.1414271353688603
1.972	1.5139901113035086
1.976	1.7914235204788216
1.98	1.9562952014676087
1.984	1.998245660197716
1.988	1.9146389950641314
1.992	1.7107285203210092
1.996	1.3993266810267275
2.0	0.9999999999999983
2.004	0.5378396412305322
2.008	0.04188483976671768
2.012	-0.456701740221305
2.016	-0.9265920702397151
2.02	-1.3382612127177282
2.024	-1.6658424814201906
2.028	-1.8887527404749656
2.032	-1.992985718499007
2.036	-1.971992074141009
2.04	-1.8270909152851895
2.044	-1.5673869146516801
2.048	-1.2091982297247303
2.052	-0.7750311729042123
2.056	-0.2921660571248047
2.06	0.20905692653529448
2.064	0.6971440946436426
2.068	1.1414271353688483
2.072	1.5139901113035177
2.076	1.7914235204788402
2.08	1.9562952014676116
2.084	1.9982456601977157
2.088	1.9146389950641358
2.092	1.710728520321002
2.096	1.399326681026738
2.1	0.9999999999999865
2.104	0.5378396412304917
2.108	0.04188483976670396
2.112	-0.456701740221346
2.116	-0.9265920702397272
2.12	-1.3382612127177387
2.124	-1.6658424814201982
2.128	-1.88875274047497
2.132	-1.992985718499008
2.136	-1.9719920741410069
2.14	-1.827090915285184
2.144	-1.5673869146516717
2.148	-1.2091982297247192
2.152	-0.7750311729041995
2.156	-0.2921660571247911
2.16	0.2090569265353081
2.164	0.6971440946436555
2.168	1.1414271353688596
2.172	1.5139901113035266
2.176	1.7914235204788465
2.18	1.9562952014676145
2.184	1.998245660197715
2.188	1.9146389950641318
2.192	1.7107285203209952
2.196	1.3993266810267282
2.2	0.9999999999999745
2.204	0.5378396412305332
2.208	0.041884839766690246
2.212	-0.45670174022135945
2.216	-0.9265920702397394
2.22	-1.338261212717749
2.224	-1.6658424814202057
2.228	-1.8887527404749744
2.232	-1.9929857184990092
2.236	-1.9719920741410044
2.24	-1.8270909152852015
2.244	-1.5673869146516632
2.248	-1.2091982297247084
2.2520000000000002	-0.7750311729041869
2.2560000000000002	-0.29216605712477756
2.2600000000000002	0.20905692653532174
2.2640000000000002	0.6971440946436684
2.2680000000000002	1.141427135368871
2.2720000000000002	1.5139901113035354
2.2760000000000002	1.7914235204788274
2.2800000000000002	1.9562952014676174
2.2840000000000003	1.9982456601977143
2.2880000000000003	1.9146389950641278
2.2920000000000003	1.710728520320988
2.2960000000000003	1.3993266810267182
2.3000000000000003	0.9999999999999626
2.3040000000000003	0.5378396412305201
2.308	0.04188483976673335
2.312	-0.45670174022131743
2.316	-0.9265920702397011
2.32	-1.3382612127177167
2.324	-1.665842481420182
2.328	-1.8887527404749604
2.332	-1.9929857184990056
2.336	-1.9719920741410117
2.34	-1.827090915285219
2.344	-1.5673869146516899
2.348	-1.2091982297247426
2.352	-0.7750311729042267
2.356	-0.29216605712482024
2.36	0.20905692653527888
2.364	0.6971440946436279
2.368	1.1414271353688357
2.372	1.5139901113035075
2.376	1.791423520478808
2.38	1.9562952014676083
2.384	1.9982456601977163
2.388	1.9146389950641403
2.392	1.7107285203210103
2.396	1.399326681026749
2.4	0.9999999999999999
2.404	0.5378396412305615
2.408	0.04188483976671964
2.412	-0.45670174022127547
2.416	-0.9265920702397134
2.42	-1.3382612127177271
2.424	-1.6658424814201895
2.428	-1.8887527404749649
2.432	-1.9929857184990067
2.436	-1.9719920741410095
2.44	-1.8270909152852135
2.444	-1.5673869146516815
2.448	-1.2091982297247772
2.452	-0.775031172904214
2.456	-0.2921660571248066
2.46	0.2090569265352925
2.464	0.6971440946436408
2.468	1.1414271353688468
2.472	1.5139901113035164
2.476	1.7914235204788143
2.48	1.9562952014676112
2.484	1.9982456601977157
2.488	1.9146389950641363
2.492	1.7107285203210032
2.496	1.3993266810267393
2.5	0.9999999999999882
2.504	0.5378396412305483
2.508	0.04188483976670592
2.512	-0.4567017402212888
2.516	-0.9265920702397256
2.52	-1.3382612127177371
2.524	-1.665842481420197
2.528	-1.8887527404749693
2.532	-1.9929857184990079
2.536	-1.971992074141007
2.54	-1.827090915285208
2.544	-1.567386914651673
2.548	-1.209198229724766
2.552	-0.7750311729042014
2.556	-0.29216605712479304
2.56	0.2090569265353062
2.564	0.6971440946436536
2.568	1.141427135368858
2.572	1.5139901113035252
2.576	1.7914235204788203
2.58	1.956295201467614
2.584	1.9982456601977174
2.588	1.9146389950641323
2.592	1.710728520320996
2.596	1.3993266810267295
2.6	0.9999999999999762
2.604	0.5378396412305351
2.608	0.0418848397666922
2.612	-0.45670174022130217
2.616	-0.9265920702397377
2.62	-1.3382612127177052
2.624	-1.6658424814202046
2.628	-1.888752740474974
2.632	-1.992985718499009
2.636	-1.9719920741410049
2.64	-1.8270909152852022
2.644	-1.5673869146516644
2.648	-1.2091982297247552
2.652	-0.7750311729041888
2.656	-0.2921660571247795
2.66	0.20905692653531982
2.664	0.6971440946436666
2.668	1.1414271353688694
2.672	1.5139901113035341
2.676	1.7914235204788265
2.68	1.956295201467617
2.684	1.9982456601977168
2.688	1.9146389950641283
2.692	1.710728520320989
2.696	1.3993266810267198
2.7	0.9999999999999644
2.704	0.5378396412305219
2.708	0.041884839766678485
2.712	-0.45670174022131554
2.716	-0.9265920702397499
2.72	-1.3382612127177154
2.724	-1.6658424814202122
2.728	-1.8887527404749784
2.732	-1.9929857184990103
2.736	-1.9719920741410026
2.74	-1.8270909152851966
2.744	-1.567386914651656
2.748	-1.2091982297247443
2.7520000000000002	-0.775031172904176
2.7560000000000002	-0.29216605712482213
2.7600000000000002	0.20905692653533345
2.7640000000000002	0.6971440946436794
2.7680000000000002	1.1414271353688805
2.7720000000000002	1.5139901113035432
2.7760000000000002	1.7914235204788325
2.7800000000000002	1.9562952014676198
2.7840000000000003	1.9982456601977163
2.7880000000000003	1.9146389950641245
2.7920000000000003	1.7107285203210114
2.7960000000000003	1.3993266810267098
2.8000000000000003	0.9999999999999524
2.8040000000000003	0.5378396412305088
2.8080000000000003	0.04188483976666476
2.8120000000000003	-0.4567017402213289
2.816	-0.9265920702397116
2.82	-1.3382612127176832
2.824	-1.6658424814201884
2.828	-1.8887527404749642
2.832	-1.9929857184990065
2.836	-1.9719920741410097
2.84	-1.8270909152852142
2.844	-1.5673869146516828
2.848	-1.2091982297247785
2.852	-0.7750311729042159
2.856	-0.2921660571248648
2.86	0.2090569265352906
2.864	0.6971440946436389
2.868	1.1414271353688452
2.872	1.513990111303515
2.876	1.7914235204788134
2.88	1.9562952014676107
2.884	1.998245660197718
2.888	1.914638995064137
2.892	1.7107285203210336
2.896	1.3993266810267408
2.9	0.9999999999999899
2.904	0.5378396412305502
2.908	0.04188483976670788
2.912	-0.4567017402212869
2.916	-0.9265920702397238
2.92	-1.3382612127176934
2.924	-1.665842481420196
2.928	-1.88875274047495
2.932	-1.9929857184990079
2.936	-1.9719920741410075
2.94	-1.8270909152852086
2.944	-1.5673869146516741
2.948	-1.2091982297247679
2.952	-0.7750311729042032
2.956	-0.2921660571248513
2.96	0.20905692653530422
2.964	0.6971440946435986
2.968	1.1414271353688563
2.972	1.513990111303524
2.976	1.7914235204788194
2.98	1.9562952014676136
2.984	1.9982456601977174
2.988	1.914638995064133
2.992	1.7107285203210265
2.996	1.3993266810267309
3.0	1.0000000000000273
3.004	0.537839641230537
3.008	0.04188483976669417
3.012	-0.4567017402213003
3.016	-0.926592070239736
3.02	-1.3382612127177036
3.024	-1.6658424814202035
3.028	-1.8887527404749545
3.032	-1.992985718499009
3.036	-1.971992074141005
3.04	-1.827090915285203
3.044	-1.5673869146516657
3.048	-1.2091982297247568
3.052	-0.7750311729041905
3.056	-0.2921660571248376
3.06	0.20905692653531785
3.064	0.6971440946436114
3.068	1.1414271353688676
3.072	1.513990111303533
3.076	1.7914235204788256
3.08	1.9562952014676165
3.084	1.998245660197717
3.088	1.914638995064129
3.092	1.7107285203210194
3.096	1.399326681026721
3.1	1.0000000000000153
3.104	0.5378396412305237
3.108	0.04188483976668044
3.112	-0.4567017402213136
3.116	-0.9265920702397481
3.12	-1.3382612127177138
3.124	-1.6658424814202113
3.128	-1.8887527404749591
3.132	-1.99298571849901
3.136	-1.9719920741410124
3.14	-1.8270909152851975
3.144	-1.567386914651657
3.148	-1.2091982297247459
3.152	-0.7750311729041779
3.156	-0.2921660571248241
3.16	0.20905692653533153
3.164	0.6971440946436243
3.168	1.141427135368879
3.172	1.5139901113035048
3.176	1.7914235204788316
3.18	1.9562952014676194
3.184	1.9982456601977163
3.188	1.914638995064125
3.192	1.7107285203210123
3.196	1.3993266810267113
3.2	1.0000000000000033
3.204	0.5378396412305105
3.208	0.04188483976666672
3.212	-0.456701740221327
3.216	-0.9265920702397603
3.22	-1.338261212717724
3.224	-1.6658424814202188
3.228	-1.8887527404749636
3.232	-1.9929857184990112
3.236	-1.97199207414101
3.24	-1.827090915285192
3.244	-1.5673869146516486
3.248	-1.2091982297247348
3.2520000000000002	-0.7750311729041653
3.2560000000000002	-0.29216605712481053
3.2600000000000002	0.20905692653534516
3.2640000000000002	0.697144094643637
3.2680000000000002	1.1414271353688903
3.2720000000000002	1.5139901113035137
3.2760000000000002	1.7914235204788378
3.2800000000000002	1.9562952014676223
3.2840000000000003	1.9982456601977159
3.2880000000000003	1.914638995064121
3.2920000000000003	1.7107285203210052
3.2960000000000003	1.3993266810267013
3.3000000000000003	0.9999999999999915
3.3040000000000003	0.5378396412304974
3.3080000000000003	0.041884839766709835
3.3120000000000003	-0.45670174022134036
3.3160000000000003	-0.9265920702397723
3.3200000000000003	-1.3382612127177342
3.3240000000000003	-1.6658424814202264
3.3280000000000003	-1.888752740474968
3.332	-1.9929857184990076
3.336	-1.9719920741410173
3.34	-1.8270909152852095
3.344	-1.5673869146517108
3.348	-1.2091982297247692
3.352	-0.775031172904205
3.356	-0.29216605712485316
3.36	0.20905692653530225
3.364	0.6971440946435967
3.368	1.141427135368855
3.372	1.5139901113034857
3.376	1.7914235204788185
3.38	1.9562952014676132
3.384	1.9982456601977177
3.388	1.9146389950641334
3.392	1.7107285203210276
3.396	1.3993266810267324
3.4	1.0000000000000289
3.404	0.5378396412305388
3.408	0.04188483976675295
3.412	-0.4567017402212984
3.416	-0.9265920702397342
3.42	-1.338261212717702
3.424	-1.6658424814202024
3.428	-1.888752740474954
3.432	-1.9929857184990087
3.436	-1.9719920741410149
3.44	-1.827090915285204
3.444	-1.567386914651702
3.448	-1.2091982297247583
3.452	-0.7750311729041923
3.456	-0.2921660571248396
3.46	0.20905692653531593
3.464	0.6971440946436096
3.468	1.141427135368866
3.472	1.5139901113034946
3.476	1.7914235204788247
3.48	1.9562952014676043
3.484	1.998245660197717
3.488	1.9146389950641294
3.492	1.7107285203210205
3.496	1.3993266810267224
3.5	1.000000000000017
3.504	0.5378396412305257
3.508	0.041884839766739235
3.512	-0.4567017402213117
3.516	-0.9265920702396959
3.52	-1.3382612127177123
3.524	-1.66584248142021
3.528	-1.8887527404749584
3.532	-1.9929857184990099
3.536	-1.9719920741410126
3.54	-1.8270909152851984
3.544	-1.5673869146516937
3.548	-1.2091982297247474
3.552	-0.7750311729041798
3.556	-0.292166057124826
3.56	0.20905692653532956
3.564	0.6971440946436224
3.568	1.1414271353688774
3.572	1.5139901113035035
3.576	1.7914235204788307
3.58	1.9562952014676072
3.584	1.9982456601977165
3.588	1.9146389950641256
3.592	1.7107285203210134
3.596	1.3993266810267126
3.6	1.000000000000005
3.604	0.5378396412305124
3.608	0.041884839766725517
3.612	-0.4567017402213251
3.616	-0.9265920702397081
3.62	-1.3382612127177225
3.624	-1.6658424814202175
3.628	-1.8887527404749629
3.632	-1.992985718499011
3.636	-1.9719920741410104
3.64	-1.8270909152851926
3.644	-1.5673869146516852
3.648	-1.2091982297247363
3.652	-0.7750311729042194
3.656	-0.2921660571248124
3.66	0.2090569265353432
3.664	0.6971440946436354
3.668	1.1414271353688887
3.672	1.5139901113035124
3.676	1.791423520478837
3.68	1.95629520146761
3.684	1.9982456601977159
3.688	1.914638995064138
3.692	1.7107285203210063
3.696	1.3993266810267029
3.7	0.9999999999999932
3.704	0.5378396412304992
3.708	0.0418848397667118
3.712	-0.4567017402213384
3.716	-0.9265920702397203
3.72	-1.3382612127177327
3.724	-1.6658424814201938
3.728	-1.8887527404749676
3.732	-1.992985718499012
3.736	-1.9719920741410082
3.74	-1.827090915285187
3.744	-1.5673869146516766
3.748	-1.2091982297247255
3.7520000000000002	-0.7750311729042069
3.7560000000000002	-0.2921660571247989
3.7600000000000002	0.20905692653535687
3.7640000000000002	0.6971440946436481
3.7680000000000002	1.1414271353688998
3.7720000000000002	1.5139901113035215
3.7760000000000002	1.791423520478843
3.7800000000000002	1.956295201467613
3.7840000000000003	1.9982456601977152
3.7880000000000003	1.914638995064134
3.7920000000000003	1.7107285203209992
3.7960000000000003	1.399326681026693
3.8000000000000003	0.9999999999999812
3.8040000000000003	0.537839641230486
3.8080000000000003	0.04188483976669807
3.8120000000000003	-0.4567017402213518
3.8160000000000003	-0.9265920702397324
3.8200000000000003	-1.3382612127177431
3.8240000000000003	-1.6658424814202015
3.8280000000000003	-1.888752740474972
3.8320000000000003	-1.9929857184990134
3.8360000000000003	-1.9719920741410057
3.84	-1.8270909152852046
3.844	-1.5673869146517034
3.848	-1.2091982297247599
3.852	-0.7750311729042466
3.856	-0.2921660571248415
3.86	0.20905692653525743
3.864	0.6971440946436077
3.868	1.1414271353688645
3.872	1.5139901113034933
3.876	1.7914235204788238
3.88	1.9562952014676038
3.884	1.9982456601977172
3.888	1.9146389950641465
3.892	1.7107285203210214
3.896	1.3993266810267646
3.9	1.0000000000000187
3.904	0.5378396412305275
3.908	0.04188483976674119
3.912	-0.4567017402213098
3.916	-0.9265920702396943
3.92	-1.3382612127177107
3.924	-1.6658424814201775
3.928	-1.8887527404749578
3.932	-1.9929857184990096
3.936	-1.971992074141013
3.94	-1.827090915285199
3.944	-1.5673869146516948
3.948	-1.209198229724749
3.952	-0.7750311729042338
3.956	-0.29216605712482796
3.96	0.20905692653527108
3.964	0.6971440946436206
3.968	1.1414271353688756
3.972	1.5139901113035024
3.976	1.7914235204788298
3.98	1.9562952014676067
3.984	1.9982456601977165
3.988	1.9146389950641425
3.992	1.7107285203210143
3.996	1.3993266810267546
4.0	1.0000000000000069
4.0040000000000004	0.5378396412304597
4.008	0.041884839766727466
4.0120000000000005	-0.45670174022137855
4.016	-0.9265920702397064
4.0200000000000005	-1.3382612127177633
4.024	-1.665842481420185
4.0280000000000005	-1.888752740474981
4.032	-1.992985718499006
4.0360000000000005	-1.9719920741410013
4.04	-1.8270909152851935
4.0440000000000005	-1.567386914651651
4.048	-1.2091982297247381
4.0520000000000005	-0.7750311729041689
4.056	-0.2921660571248144
4.0600000000000005	0.20905692653528474
4.064	0.6971440946436335
4.0680000000000005	1.141427135368887
4.072	1.5139901113034742
4.0760000000000005	1.7914235204788107
4.08	1.9562952014676096
4.0840000000000005	1.9982456601977159
4.088	1.914638995064155
4.0920000000000005	1.7107285203210367
4.096	1.3993266810267448
4.1	1.0000000000000933
4.104	0.5378396412306106
4.108	0.041884839766770585
4.112	-0.4567017402212812
4.116	-0.9265920702396178
4.12	-1.3382612127176468
4.124	-1.6658424814201611
4.128	-1.8887527404749482
4.132	-1.9929857184989976
4.136	-1.9719920741410273
4.14	-1.8270909152852342
4.144	-1.5673869146517132
4.148	-1.209198229724863
4.152	-0.7750311729042086
4.156	-0.2921660571249132
4.16	0.20905692653524183
4.164	0.6971440946434865
4.168	1.1414271353688517
4.172	1.5139901113034457
4.176	1.7914235204787916
4.18	1.9562952014676005
4.184	1.9982456601977179
4.188	1.9146389950641673
4.192	1.7107285203210592
4.196	1.3993266810267757
4.2	1.0000000000000322
4.204	0.5378396412306521
4.208	0.04188483976670004
4.212	-0.4567017402212392
4.216	-0.9265920702396804
4.22	-1.3382612127176148
4.224	-1.6658424814202002
4.228	-1.888752740474934
4.232	-1.9929857184990036
4.236	-1.9719920741410346
4.24	-1.8270909152852055
4.244	-1.56738691465174
4.248	-1.2091982297248067
4.252	-0.7750311729042484
4.256	-0.29216605712484345
4.26	0.20905692653519897
4.264	0.6971440946435525
4.268	1.1414271353688163
4.272	1.513990111303492
4.276	1.7914235204787723
4.28	1.9562952014676154
4.284	1.9982456601977197
4.288	1.9146389950641471
4.292	1.7107285203210814
4.296	1.399326681026725
4.3	1.0000000000000695
4.304	0.5378396412305843
4.308	0.04188483976685681
4.312	-0.4567017402213079
4.316	-0.9265920702396421
4.32	-1.3382612127176672
4.324	-1.6658424814201764
4.328	-1.8887527404749571
4.332	-1.992985718499
4.336	-1.9719920741410228
4.34	-1.827090915285223
4.344	-1.567386914651696
4.348	-1.2091982297248411
4.352	-0.7750311729041833
4.356	-0.29216605712488614
4.36	0.20905692653526914
4.364	0.6971440946435122
4.368	1.141427135368874
4.372	1.5139901113034637
4.376	1.7914235204788036
4.38	1.9562952014676063
4.384	1.9982456601977165
4.388	1.9146389950641596
4.392	1.7107285203210447
4.396	1.3993266810267562
4.4	1.0000000000000087
4.404	0.5378396412306257
4.408	0.041884839766786267
4.412	-0.456701740221266
4.416	-0.9265920702397047
4.42	-1.3382612127176352
4.424	-1.6658424814202155
4.428	-1.888752740474943
4.432	-1.9929857184990059
4.436	-1.97199207414103
4.44	-1.8270909152851942
4.444	-1.5673869146517228
4.448	-1.209198229724785
4.452	-0.7750311729042231
4.456	-0.2921660571248163
4.46	0.20905692653522623
4.464	0.6971440946435784
4.468	1.1414271353688388
4.472	1.51399011130351
4.476	1.7914235204787845
4.48	1.9562952014675974
4.484	1.9982456601977185
4.488	1.9146389950641391
4.492	1.7107285203210671
4.496	1.3993266810267058
4.5	1.000000000000046
4.5040000000000004	0.5378396412305578
4.508	0.04188483976682937
4.5120000000000005	-0.45670174022133464
4.516	-0.9265920702396664
4.5200000000000005	-1.3382612127176876
4.524	-1.6658424814201918
4.5280000000000005	-1.8887527404749662
4.532	-1.9929857184990023
4.5360000000000005	-1.9719920741410182
4.54	-1.8270909152852117
4.5440000000000005	-1.567386914651679
4.548	-1.2091982297248192
4.5520000000000005	-0.7750311729042628
4.556	-0.292166057124859
4.5600000000000005	0.20905692653529645
4.564	0.6971440946435379
4.5680000000000005	1.1414271353688967
4.572	1.5139901113034817
4.5760000000000005	1.791423520478816
4.58	1.9562952014675883
4.5840000000000005	1.9982456601977154
4.588	1.9146389950641516
4.5920000000000005	1.7107285203210305
4.596	1.3993266810267364
4.6000000000000005	0.9999999999999847
4.604	0.5378396412305992
4.6080000000000005	0.04188483976675882
4.612	-0.4567017402212926
4.616	-0.9265920702396282
4.62	-1.3382612127176556
4.624	-1.6658424814201678
4.628	-1.888752740474952
4.632	-1.9929857184989987
4.636	-1.9719920741410255
4.64	-1.8270909152852293
4.644	-1.5673869146517059
4.648	-1.2091982297248536
4.652	-0.7750311729043026
4.656	-0.2921660571249017
4.66	0.20905692653525354
4.664	0.6971440946434976
4.668	1.1414271353688612
4.672	1.5139901113034535
4.676	1.7914235204787967
4.68	1.9562952014675794
4.684	1.9982456601977172
4.688	1.914638995064164
4.692	1.710728520321053
4.696	1.3993266810267673
4.7	1.000000000000022
4.704	0.5378396412306408
4.708	0.04188483976680194
4.712	-0.45670174022125065
4.716	-0.9265920702396908
4.72	-1.3382612127176237
4.724	-1.6658424814201438
4.728	-1.8887527404749378
4.732	-1.9929857184990045
4.736	-1.9719920741410326
4.74	-1.8270909152852006
4.744	-1.5673869146517325
4.748	-1.2091982297247974
4.752	-0.7750311729043423
4.756	-0.2921660571248318
4.76	0.20905692653521066
4.764	0.6971440946435636
4.768	1.141427135368826
4.772	1.5139901113034997
4.776	1.7914235204787776
4.78	1.956295201467594
4.784	1.998245660197719
4.788	1.9146389950641436
4.792	1.7107285203210754
4.796	1.3993266810267169
4.8	1.0000000000000593
4.804	0.5378396412305728
4.808	0.04188483976684505
4.812	-0.4567017402213193
4.816	-0.9265920702396525
4.82	-1.338261212717676
4.824	-1.66584248142012
4.828	-1.8887527404749611
4.832	-1.992985718499001
4.836	-1.9719920741410208
4.84	-1.8270909152852182
4.844	-1.5673869146516888
4.848	-1.2091982297248318
4.852	-0.7750311729042773
4.856	-0.2921660571248745
4.86	0.20905692653528085
4.864	0.6971440946435232
4.868	1.1414271353688836
4.872	1.5139901113034715
4.876	1.791423520478809
4.88	1.9562952014675852
4.884	1.998245660197716
4.888	1.914638995064156
4.892	1.7107285203210387
4.896	1.399326681026829
4.9	0.9999999999999983
4.904	0.5378396412306143
4.908	0.041884839766774505
4.912	-0.45670174022127735
4.916	-0.9265920702397151
4.92	-1.3382612127176439
4.924	-1.6658424814201591
4.928	-1.888752740474947
4.932	-1.992985718499007
4.936	-1.971992074141028
4.94	-1.8270909152851895
4.944	-1.5673869146517156
4.948	-1.2091982297247756
4.952	-0.7750311729043171
4.956	-0.2921660571248047
4.96	0.20905692653523794
4.964	0.6971440946435893
4.968	1.1414271353688483
4.972	1.5139901113035177
4.976	1.7914235204787898
4.98	1.9562952014675998
4.984	1.9982456601977179
4.988	1.9146389950641358
4.992	1.710728520321061
4.996	1.3993266810267786
5.0	1.0000000000000357
5.0040000000000004	0.5378396412305465
5.008	0.041884839766817616
5.0120000000000005	-0.4567017402213461
5.016	-0.9265920702396768
5.0200000000000005	-1.3382612127176963
5.024	-1.6658424814201354
5.0280000000000005	-1.88875274047497
5.032	-1.9929857184990034
5.0360000000000005	-1.9719920741410162
5.04	-1.827090915285207
5.0440000000000005	-1.5673869146516717
5.048	-1.2091982297248098
5.0520000000000005	-0.7750311729042519
5.056	-0.29216605712484733
5.0600000000000005	0.2090569265353081
5.064	0.697144094643549
5.0680000000000005	1.141427135368813
5.072	1.5139901113034893
5.0760000000000005	1.7914235204788211
5.08	1.9562952014675907
5.0840000000000005	1.998245660197715
5.088	1.9146389950641483
5.0920000000000005	1.7107285203210245
5.096	1.3993266810268092
5.1000000000000005	0.9999999999999745
5.104	0.5378396412305879
5.1080000000000005	0.04188483976674707
5.112	-0.4567017402213041
5.1160000000000005	-0.9265920702397394
5.12	-1.3382612127176643
5.124	-1.6658424814201114
5.128	-1.8887527404749558
5.132	-1.9929857184989996
5.136	-1.9719920741410235
5.14	-1.8270909152852246
5.144	-1.5673869146516985
5.148	-1.2091982297248443
5.152	-0.7750311729042917
5.156	-0.29216605712489
5.16	0.20905692653526525
5.164	0.6971440946435086
5.168	1.1414271353687777
5.172	1.5139901113034613
5.176	1.791423520478802
5.18	1.9562952014675818
5.184	1.9982456601977168
5.188	1.9146389950641607
5.192	1.710728520321047
5.196	1.39932668102684
5.2	1.0000000000000118
5.204	0.5378396412306296
5.208	0.04188483976679018
5.212	-0.4567017402212621
5.216	-0.9265920702397011
5.22	-1.3382612127176323
5.224	-1.6658424814201505
5.228	-1.8887527404749416
5.232	-1.9929857184990056
5.236	-1.9719920741410306
5.24	-1.8270909152852421
5.244	-1.5673869146517254
5.248	-1.2091982297247879
5.252	-0.7750311729043315
5.256	-0.2921660571248202
5.26	0.20905692653522234
5.264	0.6971440946435746
5.268	1.1414271353687422
5.272	1.5139901113035075
5.276	1.7914235204787827
5.28	1.9562952014675965
5.284	1.9982456601977185
5.288	1.9146389950641403
5.292	1.7107285203210691
5.296	1.3993266810267897
5.3	1.000000000000049
5.304	0.5378396412305615
5.308	0.04188483976683329
5.312	-0.4567017402213308
5.316	-0.926592070239663
5.32	-1.3382612127176847
5.324	-1.6658424814201265
5.328	-1.8887527404749649
5.332	-1.992985718499002
5.336	-1.9719920741410188
5.34	-1.8270909152852597
5.344	-1.5673869146516815
5.348	-1.2091982297248225
5.352	-0.7750311729042664
5.356	-0.2921660571248628
5.36	0.2090569265352925
5.364	0.6971440946435342
5.368	1.1414271353688
5.372	1.5139901113034793
5.376	1.7914235204788143
5.38	1.9562952014675876
5.384	1.9982456601977157
5.388	1.9146389950641527
5.392	1.7107285203210325
5.396	1.3993266810268206
5.4	0.9999999999999882
5.404	0.537839641230603
5.408	0.041884839766762744
5.412	-0.4567017402211781
5.416	-0.9265920702397256
5.42	-1.3382612127176525
5.424	-1.6658424814201656
5.428	-1.8887527404749507
5.432	-1.9929857184990079
5.436	-1.9719920741410262
5.44	-1.827090915285231
5.444	-1.567386914651708
5.448	-1.209198229724766
5.452	-0.7750311729043062
5.456	-0.29216605712479304
5.46	0.20905692653524965
5.464	0.6971440946436004
5.468	1.1414271353687646
5.472	1.5139901113035252
5.476	1.791423520478795
5.48	1.9562952014676023
5.484	1.9982456601977174
5.488	1.9146389950641323
5.492	1.710728520321055
5.496	1.3993266810267702
5.5	1.0000000000000255
5.5040000000000004	0.5378396412305351
5.508	0.041884839766805855
5.5120000000000005	-0.4567017402212468
5.516	-0.9265920702396873
5.5200000000000005	-1.3382612127177052
5.524	-1.6658424814201418
5.5280000000000005	-1.888752740474974
5.532	-1.9929857184990043
5.5360000000000005	-1.9719920741410144
5.54	-1.8270909152852486
5.5440000000000005	-1.5673869146516644
5.548	-1.2091982297248005
5.5520000000000005	-0.7750311729042412
5.556	-0.29216605712483573
5.5600000000000005	0.20905692653531982
5.564	0.69714409464356
5.5680000000000005	1.1414271353688226
5.572	1.5139901113034973
5.5760000000000005	1.7914235204788265
5.58	1.9562952014675932
5.5840000000000005	1.9982456601977192
5.588	1.9146389950641447
5.5920000000000005	1.7107285203210185
5.596	1.3993266810268008
5.6000000000000005	0.9999999999999644
5.604	0.5378396412305766
5.6080000000000005	0.04188483976673531
5.612	-0.45670174022120485
5.6160000000000005	-0.9265920702397499
5.62	-1.338261212717673
5.6240000000000006	-1.6658424814201807
5.628	-1.8887527404749598
5.632	-1.9929857184990007
5.636	-1.9719920741410215
5.64	-1.8270909152852661
5.644	-1.5673869146516912
5.648	-1.2091982297248347
5.652	-0.7750311729042808
5.656	-0.29216605712487836
5.66	0.2090569265352769
5.664	0.6971440946435196
5.668	1.1414271353687873
5.672	1.5139901113034688
5.676	1.7914235204788072
5.68	1.9562952014675843
5.684	1.998245660197721
5.688	1.9146389950641574
5.692	1.7107285203210407
5.696	1.3993266810268317
5.7	1.0000000000000016
5.704	0.5378396412306182
5.708	0.041884839766778426
5.712	-0.4567017402211629
5.716	-0.9265920702397116
5.72	-1.338261212717641
5.724	-1.665842481420157
5.728	-1.8887527404749456
5.732	-1.9929857184990065
5.736	-1.9719920741410286
5.74	-1.8270909152852375
5.744	-1.567386914651718
5.748	-1.2091982297247785
5.752	-0.7750311729043207
5.756	-0.29216605712492105
5.76	0.20905692653523406
5.764	0.6971440946435856
5.768	1.141427135368752
5.772	1.513990111303515
5.776	1.791423520478788
5.78	1.956295201467599
5.784	1.9982456601977228
5.788	1.914638995064137
5.792	1.7107285203210632
5.796	1.3993266810267815
5.8	1.000000000000039
5.804	0.5378396412305502
5.808	0.04188483976682154
5.812	-0.45670174022123156
5.816	-0.9265920702396734
5.82	-1.3382612127176934
5.824	-1.6658424814201331
5.828	-1.8887527404749314
5.832	-1.992985718499003
5.836	-1.9719920741410168
5.84	-1.8270909152852548
5.844	-1.5673869146516741
5.848	-1.209198229724813
5.852	-0.7750311729042556
5.856	-0.2921660571249637
5.86	0.20905692653530422
5.864	0.6971440946435453
5.868	1.1414271353688097
5.872	1.513990111303487
5.876	1.7914235204788194
5.88	1.95629520146759
5.884	1.9982456601977199
5.888	1.9146389950641494
5.892	1.7107285203210265
5.896	1.3993266810268121
5.9	0.999999999999978
5.904	0.5378396412305917
5.908	0.04188483976675099
5.912	-0.4567017402211896
5.916	-0.926592070239736
5.92	-1.3382612127176614
5.924	-1.6658424814201722
5.928	-1.8887527404749171
5.932	-1.992985718499009
5.936	-1.9719920741410242
5.94	-1.8270909152852262
5.944	-1.567386914651701
5.948	-1.2091982297247568
5.952	-0.7750311729042954
5.956	-0.29216605712489385
5.96	0.2090569265352613
5.964	0.6971440946436114
5.968	1.1414271353687744
5.972	1.513990111303533
5.976	1.7914235204788003
5.98	1.9562952014676047
5.984	1.9982456601977217
5.988	1.914638995064129
5.992	1.710728520321049
5.996	1.3993266810267617
6.0	1.0000000000001137
6.0040000000000004	0.5378396412305237
6.008	0.041884839766794094
6.0120000000000005	-0.45670174022125826
6.016	-0.9265920702396977
6.0200000000000005	-1.3382612127177138
6.024	-1.6658424814201482
6.0280000000000005	-1.8887527404749405
6.032	-1.9929857184990052
6.0360000000000005	-1.9719920741410124
6.04	-1.8270909152852437
6.0440000000000005	-1.567386914651657
6.048	-1.2091982297247912
6.0520000000000005	-0.7750311729042303
6.056	-0.29216605712493654
6.0600000000000005	0.20905692653533153
6.064	0.697144094643571
6.0680000000000005	1.1414271353688323
6.072	1.5139901113035048
6.0760000000000005	1.7914235204788316
6.08	1.9562952014675956
6.0840000000000005	1.9982456601977188
6.088	1.9146389950641414
6.0920000000000005	1.7107285203210123
6.096	1.3993266810267924
6.1000000000000005	1.0000000000000526
6.104	0.5378396412305653
6.1080000000000005	0.04188483976672355
6.112	-0.4567017402212163
6.1160000000000005	-0.9265920702397603
6.12	-1.3382612127176818
6.1240000000000006	-1.6658424814201873
6.128	-1.8887527404749263
6.132000000000001	-1.9929857184990112
6.136	-1.9719920741410195
6.140000000000001	-1.827090915285215
6.144	-1.567386914651684
6.148	-1.2091982297248254
6.152	-0.77503117290427
6.156	-0.29216605712497923
6.16	0.20905692653528862
6.164	0.6971440946435307
6.168	1.1414271353687968
6.172	1.5139901113034766
6.176	1.7914235204788125
6.18	1.9562952014675867
6.184	1.9982456601977205
6.188	1.9146389950641538
6.192	1.7107285203210347
6.196	1.3993266810268232
6.2	1.00000000000009
6.204	0.5378396412306069
6.208	0.041884839766766664
6.212	-0.4567017402211743
6.216	-0.926592070239722
6.22	-1.3382612127176499
6.224	-1.6658424814201633
6.228	-1.888752740474912
6.232	-1.9929857184990076
6.236	-1.9719920741410268
6.24	-1.8270909152852326
6.244	-1.5673869146517108
6.248	-1.2091982297247692
6.252	-0.7750311729043098
6.256	-0.2921660571249094
6.26	0.20905692653524577
6.264	0.6971440946435967
6.268	1.1414271353687615
6.272	1.5139901113034484
6.276	1.7914235204787934
6.28	1.9562952014676014
6.284	1.9982456601977223
6.288	1.9146389950641334
6.292	1.710728520321057
6.296	1.399326681026773
6.3	1.0000000000001275
6.304	0.5378396412305388
6.308	0.041884839766809775
6.312	-0.45670174022124305
6.316	-0.9265920702396838
6.32	-1.338261212717702
6.324	-1.6658424814201396
6.328	-1.8887527404749351
6.332	-1.992985718499004
6.336	-1.9719920741410149
6.34	-1.8270909152852501
6.344	-1.5673869146517374
6.348	-1.2091982297248036
6.352	-0.7750311729042447
6.356	-0.2921660571249521
6.36	0.20905692653531593
6.364	0.6971440946435563
6.368	1.1414271353688195
6.372	1.5139901113034202
6.376	1.7914235204788247
6.38	1.9562952014675925
6.384	1.9982456601977194
6.388	1.9146389950641458
6.392	1.7107285203210205
6.396	1.3993266810268037
6.4	1.0000000000000662
6.404	0.5378396412305804
6.408	0.04188483976673923
6.412	-0.456701740221201
6.416	-0.9265920702397464
6.42	-1.33826121271767
6.424	-1.6658424814201787
6.428	-1.8887527404749211
6.432	-1.9929857184990099
6.436	-1.9719920741410222
6.44	-1.8270909152852215
6.444	-1.5673869146517643
6.448	-1.2091982297247474
6.452	-0.7750311729042846
6.456	-0.29216605712488225
6.46	0.20905692653527302
6.464	0.6971440946436224
6.468	1.141427135368784
6.472	1.5139901113034664
6.476	1.7914235204788054
6.48	1.9562952014676072
6.484	1.9982456601977212
6.488	1.9146389950641256
6.492	1.7107285203210427
6.496	1.3993266810267533
6.5	1.0000000000001035
6.5040000000000004	0.5378396412305124
6.508	0.04188483976678234
6.5120000000000005	-0.45670174022126975
6.516	-0.9265920702396073
6.5200000000000005	-1.3382612127177225
6.524	-1.6658424814201547
6.5280000000000005	-1.8887527404749442
6.532	-1.9929857184990063
6.5360000000000005	-1.9719920741410104
6.54	-1.827090915285239
6.5440000000000005	-1.5673869146517205
6.548	-1.2091982297247816
6.5520000000000005	-0.7750311729042194
6.556	-0.2921660571249249
6.5600000000000005	0.20905692653534322
6.564	0.6971440946435821
6.5680000000000005	1.1414271353688419
6.572	1.5139901113034382
6.5760000000000005	1.791423520478837
6.58	1.956295201467598
6.5840000000000005	1.9982456601977183
6.588	1.914638995064138
6.5920000000000005	1.7107285203210063
6.596	1.3993266810267841
6.6000000000000005	1.0000000000000424
6.604	0.5378396412305539
6.6080000000000005	0.04188483976671179
6.612	-0.4567017402212277
6.6160000000000005	-0.9265920702396699
6.62	-1.3382612127176905
6.6240000000000006	-1.6658424814201938
6.628	-1.88875274047493
6.632000000000001	-1.992985718499012
6.636	-1.9719920741410175
6.640000000000001	-1.8270909152852102
6.644	-1.5673869146517472
6.648000000000001	-1.2091982297247255
6.652	-0.7750311729042593
6.656000000000001	-0.2921660571248551
6.66	0.20905692653530034
6.664	0.6971440946435415
6.668	1.1414271353688066
6.672	1.51399011130341
6.676	1.7914235204788176
6.68	1.9562952014675892
6.684	1.99824566019772
6.688	1.9146389950641833
6.692	1.7107285203210285
6.696	1.3993266810268148
6.7	1.0000000000000797
6.704	0.5378396412305956
6.708	0.04188483976675491
6.712	-0.4567017402211858
6.716	-0.9265920702396316
6.72	-1.3382612127176585
6.724	-1.66584248142017
6.728	-1.8887527404749158
6.732	-1.9929857184990085
6.736	-1.9719920741410248
6.74	-1.8270909152852277
6.744	-1.567386914651774
6.748	-1.2091982297247599
6.752	-0.775031172904299
6.756	-0.29216605712489774
6.76	0.20905692653525743
6.764	0.6971440946436077
6.768	1.1414271353687713
6.772	1.5139901113034562
6.776	1.7914235204787985
6.78	1.9562952014676038
6.784	1.9982456601977219
6.788	1.914638995064163
6.792	1.710728520321051
6.796	1.3993266810267646
6.8	1.0000000000001172
6.804	0.5378396412305275
6.808	0.041884839766798014
6.812	-0.4567017402212545
6.816	-0.9265920702395934
6.82	-1.3382612127177107
6.824	-1.665842481420146
6.828	-1.8887527404749391
6.832	-1.992985718499005
6.836	-1.971992074141013
6.84	-1.8270909152852453
6.844	-1.56738691465173
6.848	-1.2091982297247943
6.852	-0.7750311729042338
6.856	-0.2921660571249404
6.86	0.20905692653521457
6.864	0.6971440946435673
6.868	1.141427135368829
6.872	1.513990111303428
6.876	1.7914235204788298
6.88	1.956295201467595
6.884	1.998245660197719
6.888	1.9146389950641753
6.892	1.7107285203210143
6.896	1.3993266810267952
6.9	1.000000000000056
6.904	0.5378396412305692
6.908	0.041884839766727466
6.912	-0.4567017402212125
6.916	-0.926592070239656
6.92	-1.3382612127176787
6.924	-1.665842481420185
6.928	-1.888752740474925
6.932	-1.9929857184990014
6.936	-1.9719920741410202
6.94	-1.8270909152852166
6.944	-1.567386914651757
6.948	-1.2091982297247381
6.952	-0.7750311729042737
6.956	-0.29216605712487065
6.96	0.20905692653517166
6.964	0.6971440946436335
6.968	1.1414271353687937
6.972	1.5139901113034742
6.976	1.7914235204788107
6.98	1.9562952014676096
6.984	1.9982456601977208
6.988	1.914638995064155
6.992	1.7107285203210367
6.996	1.3993266810267448
7.0	1.0000000000000933
7.0040000000000004	0.5378396412305011
7.008	0.04188483976677058
7.0120000000000005	-0.4567017402212812
7.016	-0.9265920702396178
7.0200000000000005	-1.3382612127177314
7.024	-1.6658424814201611
7.0280000000000005	-1.8887527404749482
7.032	-1.9929857184989976
7.0360000000000005	-1.9719920741410084
7.04	-1.8270909152852342
7.0440000000000005	-1.5673869146517132
7.048	-1.2091982297247723
7.0520000000000005	-0.7750311729042086
7.056	-0.2921660571249132
7.0600000000000005	0.20905692653524183
7.064	0.6971440946435931
7.0680000000000005	1.1414271353688517
7.072	1.5139901113034457
7.0760000000000005	1.791423520478842
7.08	1.9562952014676005
7.0840000000000005	1.9982456601977179
7.088	1.9146389950641673
7.0920000000000005	1.710728520321
7.096	1.3993266810267757
7.1000000000000005	1.0000000000000322
7.104	0.5378396412305426
7.1080000000000005	0.04188483976670003
7.112	-0.4567017402212392
7.1160000000000005	-0.9265920702396804
7.12	-1.3382612127176994
7.1240000000000006	-1.6658424814202002
7.128	-1.888752740474934
7.132000000000001	-1.9929857184990036
7.136	-1.9719920741410155
7.140000000000001	-1.8270909152852055
7.144	-1.56738691465174
7.148000000000001	-1.2091982297247161
7.152	-0.7750311729042484
7.156000000000001	-0.29216605712484345
7.16	0.20905692653519897
7.164000000000001	0.6971440946436591
7.168	1.1414271353688163
7.172	1.5139901113034175
7.176	1.791423520478823
7.18	1.9562952014675916
7.184	1.9982456601977197
7.188	1.91463899506418
7.192	1.7107285203210225
7.196	1.3993266810268064
7.2	1.0000000000000695
7.204	0.5378396412306937
7.208	0.04188483976674315
7.212	-0.4567017402211972
7.216	-0.9265920702396421
7.22	-1.3382612127176672
7.224	-1.6658424814201764
7.228	-1.8887527404749198
7.232	-1.992985718499
7.236	-1.9719920741410228
7.24	-1.827090915285223
7.244	-1.5673869146517667
7.248	-1.2091982297247506
7.252	-0.7750311729042881
7.256	-0.29216605712488614
7.26	0.20905692653515606
7.264	0.6971440946436187
7.268	1.1414271353687808
7.272	1.5139901113034637
7.276	1.7914235204788036
7.28	1.9562952014676063
7.284	1.9982456601977214
7.288	1.9146389950641596
7.292	1.7107285203210447
7.296	1.3993266810267562
7.3	1.000000000000107
7.304	0.5378396412306257
7.308	0.04188483976678626
7.312	-0.456701740221266
7.316	-0.9265920702396039
7.32	-1.3382612127177196
7.324	-1.6658424814201527
7.328	-1.888752740474943
7.332	-1.9929857184989965
7.336	-1.971992074141011
7.34	-1.8270909152852406
7.344	-1.5673869146517228
7.348	-1.209198229724785
7.352	-0.7750311729042231
7.356	-0.29216605712492877
7.36	0.20905692653522623
7.364	0.6971440946435784
7.368	1.1414271353688388
7.372	1.5139901113034357
7.376	1.7914235204787845
7.38	1.9562952014675974
7.384	1.9982456601977185
7.388	1.914638995064172
7.392	1.7107285203210083
7.396	1.3993266810267868
7.4	1.000000000000046
7.404	0.5378396412306673
7.408	0.04188483976671571
7.412	-0.45670174022122395
7.416	-0.9265920702396664
7.42	-1.3382612127176876
7.424	-1.6658424814201918
7.428	-1.8887527404749287
7.432	-1.9929857184990023
7.436	-1.9719920741410182
7.44	-1.8270909152852117
7.444	-1.5673869146517496
7.448	-1.2091982297248192
7.452	-0.7750311729042628
7.456	-0.292166057124859
7.46	0.20905692653518337
7.464	0.6971440946436445
7.468	1.1414271353688032
7.472	1.5139901113034817
7.476	1.7914235204787654
7.48	1.956295201467612
7.484	1.9982456601977203
7.488	1.9146389950641516
7.492	1.7107285203210305
7.496	1.3993266810267364
7.5	1.0000000000000833
7.5040000000000004	0.5378396412305992
7.508	0.041884839766758816
7.5120000000000005	-0.4567017402212926
7.516	-0.9265920702396282
7.5200000000000005	-1.33826121271774
7.524	-1.6658424814201678
7.5280000000000005	-1.888752740474952
7.532	-1.9929857184989987
7.5360000000000005	-1.9719920741410064
7.54	-1.8270909152852293
7.5440000000000005	-1.5673869146517059
7.548	-1.2091982297248536
7.5520000000000005	-0.7750311729041978
7.556	-0.2921660571249016
7.5600000000000005	0.20905692653525354
7.564	0.697144094643604
7.5680000000000005	1.1414271353688612
7.572	1.5139901113034535
7.5760000000000005	1.7914235204787967
7.58	1.956295201467603
7.5840000000000005	1.9982456601977172
7.588	1.914638995064164
7.5920000000000005	1.710728520320994
7.596	1.3993266810267673
7.6000000000000005	1.000000000000022
7.604	0.5378396412306408
7.6080000000000005	0.041884839766688275
7.612	-0.45670174022125065
7.6160000000000005	-0.9265920702396908
7.62	-1.3382612127176237
7.6240000000000006	-1.6658424814202069
7.628	-1.8887527404749378
7.632000000000001	-1.9929857184990045
7.636	-1.9719920741410137
7.640000000000001	-1.8270909152852006
7.644	-1.5673869146517325
7.648000000000001	-1.2091982297247974
7.652	-0.7750311729042375
7.656000000000001	-0.2921660571248318
7.66	0.20905692653521066
7.664000000000001	0.6971440946436702
7.668	1.141427135368826
7.672000000000001	1.5139901113034997
7.676	1.7914235204787776
7.68	1.956295201467594
7.684	1.998245660197719
7.688	1.9146389950641765
7.692	1.7107285203210163
7.696	1.399326681026798
7.7	1.0000000000000593
7.704	0.5378396412306824
7.708	0.04188483976673139
7.712	-0.4567017402212087
7.716	-0.9265920702396525
7.72	-1.3382612127175915
7.724	-1.6658424814201829
7.728	-1.8887527404749236
7.732	-1.992985718499001
7.736	-1.9719920741410208
7.74	-1.8270909152852182
7.744	-1.5673869146517594
7.748	-1.2091982297248318
7.752	-0.7750311729042773
7.756	-0.2921660571248745
7.76	0.20905692653516778
7.764	0.6971440946436298
7.768	1.1414271353687904
7.772	1.5139901113034715
7.776	1.7914235204787583
7.78	1.9562952014676087
7.784	1.998245660197721
7.788	1.914638995064156
7.792	1.7107285203210976
7.796	1.3993266810267477
7.8	1.0000000000000968
7.804	0.5378396412306143
7.808	0.0418848397667745
7.812	-0.45670174022127735
7.816	-0.9265920702396143
7.82	-1.3382612127176439
7.824	-1.6658424814201591
7.828	-1.888752740474947
7.832	-1.9929857184989974
7.836	-1.971992074141009
7.84	-1.8270909152852357
7.844	-1.5673869146517156
7.848	-1.209198229724866
7.852	-0.7750311729042122
7.856	-0.29216605712491717
7.86	0.20905692653523794
7.864	0.6971440946435894
7.868	1.1414271353688483
7.872	1.5139901113034435
7.876	1.7914235204787898
7.88	1.9562952014675998
7.884	1.9982456601977179
7.888	1.9146389950641687
7.892	1.710728520321061
7.896	1.3993266810267786
7.9	1.0000000000000357
7.904	0.537839641230656
7.908	0.04188483976670395
7.912	-0.4567017402212354
7.916	-0.9265920702396768
7.92	-1.338261212717612
7.924	-1.6658424814201982
7.928	-1.8887527404749327
7.932	-1.9929857184990034
7.936	-1.9719920741410162
7.94	-1.827090915285207
7.944	-1.5673869146517423
7.948	-1.2091982297248098
7.952	-0.7750311729042519
7.956	-0.29216605712484733
7.96	0.20905692653519506
7.964	0.697144094643549
7.968	1.141427135368813
7.972	1.5139901113034895
7.976	1.7914235204787705
7.98	1.9562952014676145
7.984	1.9982456601977197
7.988	1.9146389950641483
7.992	1.7107285203210834
7.996	1.3993266810267282
8.0	1.000000000000073
8.004	0.5378396412306975
8.008000000000001	0.041884839766633396
8.012	-0.4567017402213041
8.016	-0.9265920702396386
8.02	-1.3382612127175797
8.024000000000001	-1.665842481420237
8.028	-1.8887527404749558
8.032	-1.9929857184989996
8.036	-1.9719920741410235
8.040000000000001	-1.8270909152851784
8.044	-1.5673869146516985
8.048	-1.2091982297248443
8.052	-0.7750311729042917
8.056000000000001	-0.29216605712477756
8.06	0.20905692653526525
8.064	0.6971440946435086
8.068	1.1414271353687777
8.072000000000001	1.5139901113035354
8.076	1.791423520478802
8.08	1.9562952014676054
8.084	1.9982456601977217
8.088000000000001	1.9146389950641278
8.092	1.710728520321047
8.096	1.3993266810267588
8.1	1.0000000000001104
8.104000000000001	0.53783964123052
8.108	0.041884839766676514
8.112	-0.4567017402212621
8.116	-0.9265920702396004
8.120000000000001	-1.3382612127177167
8.124	-1.6658424814202133
8.128	-1.8887527404749416
8.132	-1.992985718498996
8.136000000000001	-1.9719920741410117
8.14	-1.827090915285196
8.144	-1.5673869146516548
8.148	-1.2091982297248784
8.152000000000001	-0.7750311729041219
8.156	-0.2921660571247077
8.16	0.20905692653544847
8.164	0.6971440946435746
8.168000000000001	1.1414271353690222
8.172	1.5139901113035075
8.176	1.7914235204788334
8.18	1.9562952014676203
8.184000000000001	1.9982456601977139
8.188	1.9146389950641074
8.192	1.7107285203209515
8.196	1.3993266810267897
8.2	1.000000000000049
8.204	0.5378396412303426
8.208	0.04188483976671963
8.212	-0.4567017402213308
8.216	-0.9265920702397638
8.22	-1.3382612127177693
8.224	-1.6658424814202524
8.228	-1.8887527404749276
8.232	-1.992985718499002
8.236	-1.9719920741409809
8.24	-1.8270909152852135
8.244	-1.5673869146516815
8.248	-1.209198229724732
8.252	-0.7750311729041616
8.256	-0.29216605712475036
8.26	0.2090569265354056
8.264	0.6971440946435342
8.268	1.1414271353689867
8.272	1.5139901113034793
8.276	1.7914235204788143
8.28	1.9562952014676112
8.284	1.9982456601977157
8.288	1.9146389950641198
8.292	1.7107285203209737
8.296	1.3993266810268206
8.3	0.9999999999998898
8.304	0.5378396412303841
8.308	0.04188483976676274
8.312	-0.4567017402212888
8.316	-0.9265920702399271
8.32	-1.3382612127177371
8.324	-1.6658424814202286
8.328	-1.8887527404749134
8.332	-1.9929857184990174
8.336	-1.9719920741409882
8.34	-1.827090915285231
8.344	-1.567386914651708
8.348	-1.2091982297245851
8.352	-0.7750311729042014
8.356	-0.29216605712479304
8.36	0.2090569265353627
8.364	0.6971440946437069
8.368	1.1414271353689514
8.372	1.513990111303451
8.376	1.791423520478795
8.38	1.9562952014676496
8.384	1.9982456601977174
8.388	1.9146389950641323
8.392	1.710728520320996
8.396	1.399326681026689
8.4	0.9999999999999271
8.404	0.5378396412304256
8.408	0.041884839766805855
8.412	-0.45670174022146826
8.416	-0.9265920702398888
8.42	-1.3382612127177052
8.424	-1.6658424814202046
8.428	-1.888752740474974
8.432	-1.9929857184990138
8.436	-1.9719920741409953
8.44	-1.8270909152852486
8.444	-1.5673869146515937
8.448	-1.2091982297246193
8.452	-0.7750311729042412
8.456	-0.29216605712483573
8.46	0.20905692653554594
8.464	0.6971440946436666
8.468	1.141427135368916
8.472	1.5139901113034226
8.476	1.7914235204788769
8.48	1.9562952014676405
8.484	1.9982456601977192
8.488	1.9146389950641447
8.492	1.7107285203209006
8.496	1.3993266810267198
8.5	0.9999999999999644
8.504	0.5378396412304671
8.508000000000001	0.04188483976662164
8.512	-0.45670174022142623
8.516	-0.9265920702396491
8.52	-1.338261212717673
8.524000000000001	-1.6658424814203066
8.528	-1.8887527404749598
8.532	-1.9929857184990103
8.536	-1.9719920741410026
8.540000000000001	-1.8270909152851735
8.544	-1.5673869146516206
8.548	-1.2091982297246537
8.552	-0.7750311729042808
8.556000000000001	-0.29216605712465343
8.56	0.2090569265355031
8.564	0.6971440946436261
8.568	1.1414271353688805
8.572000000000001	1.5139901113035432
8.576	1.7914235204788578
8.58	1.9562952014676316
8.584	1.998245660197721
8.588000000000001	1.9146389950640914
8.592	1.710728520320923
8.596	1.3993266810267504
8.6	1.0000000000000016
8.604000000000001	0.5378396412302897
8.608	0.04188483976666475
8.612	-0.45670174022138427
8.616	-0.9265920702396108
8.620000000000001	-1.33826121271781
8.624	-1.6658424814202828
8.628	-1.8887527404749456
8.632	-1.9929857184990065
8.636000000000001	-1.9719920741409718
8.64	-1.827090915285191
8.644	-1.5673869146516475
8.648	-1.209198229724688
8.652000000000001	-0.775031172904111
8.656	-0.2921660571246961
8.66	0.20905692653546018
8.664	0.6971440946435856
8.668000000000001	1.141427135369032
8.672	1.513990111303515
8.676	1.7914235204788387
8.68	1.9562952014676227
8.684000000000001	1.9982456601977134
8.688	1.914638995064104
8.692	1.7107285203209452
8.696	1.3993266810267813
8.700000000000001	0.999999999999842
8.704	0.5378396412303312
8.708	0.04188483976670787
8.712	-0.45670174022134225
8.716	-0.9265920702395727
8.72	-1.338261212717778
8.724	-1.6658424814202588
8.728	-1.8887527404749314
8.732	-1.992985718499003
8.736	-1.971992074140979
8.74	-1.8270909152852086
8.744	-1.5673869146516741
8.748	-1.2091982297247226
8.752	-0.7750311729041508
8.756	-0.29216605712473875
8.76	0.2090569265354173
8.764	0.6971440946435453
8.768	1.1414271353689964
8.772	1.513990111303487
8.776	1.7914235204788194
8.78	1.9562952014676136
8.784	1.9982456601977152
8.788	1.9146389950641165
8.792	1.7107285203209677
8.796	1.3993266810268121
8.8	0.9999999999998795
8.804	0.5378396412303726
8.808	0.04188483976675098
8.812	-0.4567017402213003
8.816	-0.926592070239736
8.82	-1.3382612127177458
8.824	-1.665842481420235
8.828	-1.8887527404749171
8.832	-1.9929857184990185
8.836	-1.9719920741409862
8.84	-1.8270909152852262
8.844	-1.567386914651701
8.848	-1.2091982297245756
8.852	-0.7750311729041905
8.856	-0.2921660571247814
8.86	0.2090569265351483
8.864	0.697144094643718
8.868	1.1414271353689611
8.872	1.5139901113034588
8.876	1.7914235204788003
8.88	1.956295201467652
8.884	1.998245660197717
8.888	1.914638995064129
8.892	1.7107285203209899
8.896	1.3993266810266805
8.9	0.9999999999999168
8.904	0.5378396412304143
8.908	0.041884839766794094
8.912	-0.45670174022147964
8.916	-0.9265920702396977
8.92	-1.3382612127177138
8.924	-1.6658424814202113
8.928	-1.8887527404749778
8.932	-1.9929857184990147
8.936	-1.9719920741409933
8.94	-1.8270909152852437
8.944	-1.5673869146515864
8.948	-1.20919822972461
8.952	-0.7750311729042303
8.956	-0.2921660571248241
8.96	0.20905692653533153
8.964	0.6971440946436775
8.968	1.1414271353689256
8.972	1.5139901113034304
8.976	1.7914235204788822
8.98	1.956295201467643
8.984	1.9982456601977188
8.988	1.9146389950641414
8.992	1.7107285203208946
8.996	1.3993266810267113
9.0	0.9999999999999541
9.004	0.5378396412304558
9.008000000000001	0.04188483976660988
9.012	-0.4567017402214377
9.016	-0.9265920702396595
9.02	-1.3382612127176818
9.024000000000001	-1.665842481420313
9.028	-1.8887527404749636
9.032	-1.9929857184990112
9.036	-1.9719920741410006
9.040000000000001	-1.8270909152851686
9.044	-1.5673869146516133
9.048	-1.2091982297246444
9.052	-0.77503117290427
9.056000000000001	-0.2921660571246418
9.06	0.20905692653528862
9.064	0.6971440946436371
9.068	1.1414271353688903
9.072000000000001	1.513990111303551
9.076	1.7914235204788629
9.08	1.956295201467634
9.084	1.9982456601977205
9.088000000000001	1.914638995064088
9.092	1.7107285203209168
9.096	1.399326681026742
9.1	0.9999999999999915
9.104000000000001	0.5378396412304974
9.108	0.041884839766653
9.112	-0.4567017402213957
9.116	-0.9265920702396212
9.120000000000001	-1.3382612127178188
9.124	-1.6658424814202892
9.128	-1.8887527404749493
9.132	-1.9929857184990076
9.136000000000001	-1.9719920741409698
9.14	-1.8270909152851864
9.144	-1.5673869146516402
9.148	-1.2091982297246786
9.152000000000001	-0.7750311729041002
9.156	-0.29216605712468446
9.16	0.20905692653524577
9.164	0.6971440946435967
9.168000000000001	1.1414271353690415
9.172	1.5139901113035228
9.176	1.7914235204788438
9.18	1.9562952014676251
9.184000000000001	1.9982456601977128
9.188	1.9146389950641005
9.192	1.7107285203209392
9.196	1.399326681026773
9.200000000000001	0.999999999999832
9.204	0.5378396412305388
9.208	0.0418848397666961
9.212	-0.45670174022135374
9.216000000000001	-0.9265920702397845
9.22	-1.3382612127177866
9.224	-1.6658424814202655
9.228	-1.8887527404749351
9.232	-1.992985718499004
9.236	-1.971992074140977
9.24	-1.827090915285204
9.244	-1.5673869146516668
9.248	-1.209198229724713
9.252	-0.7750311729041399
9.256	-0.2921660571247271
9.26	0.20905692653520286
9.264	0.6971440946435563
9.268	1.141427135369006
9.272	1.5139901113034946
9.276	1.7914235204788247
9.28	1.956295201467616
9.284	1.9982456601977148
9.288	1.914638995064113
9.292	1.7107285203209615
9.296	1.3993266810268037
9.3	0.9999999999998693
9.304	0.5378396412305804
9.308	0.04188483976673922
9.312	-0.4567017402213117
9.316	-0.9265920702397464
9.32	-1.3382612127177547
9.324	-1.6658424814202415
9.328	-1.8887527404749211
9.332	-1.9929857184990194
9.336	-1.9719920741409842
9.34	-1.8270909152852215
9.344	-1.5673869146516937
9.348	-1.2091982297245663
9.352	-0.7750311729041798
9.356	-0.29216605712476973
9.36	0.20905692653515998
9.364	0.697144094643729
9.368	1.1414271353689707
9.372	1.5139901113034664
9.376	1.7914235204788054
9.38	1.9562952014676545
9.384	1.9982456601977165
9.388	1.9146389950641256
9.392	1.7107285203209839
9.396	1.399326681026672
9.4	0.9999999999999066
9.404	0.537839641230622
9.408	0.04188483976678234
9.412	-0.45670174022149107
9.416	-0.9265920702397081
9.42	-1.3382612127177225
9.424	-1.6658424814202177
9.428	-1.8887527404749815
9.432	-1.9929857184990158
9.436	-1.9719920741409915
9.44	-1.827090915285239
9.444	-1.567386914651579
9.448	-1.2091982297247816
9.452	-0.7750311729042194
9.456	-0.2921660571248124
9.46	0.20905692653534322
9.464	0.6971440946436885
9.468	1.1414271353689354
9.472	1.5139901113034382
9.476	1.7914235204788873
9.48	1.9562952014676454
9.484	1.9982456601977183
9.488	1.914638995064138
9.492	1.7107285203208884
9.496	1.3993266810267029
9.5	0.9999999999999439
9.504	0.5378396412306634
9.508000000000001	0.041884839766598125
9.512	-0.4567017402214491
9.516	-0.9265920702396699
9.52	-1.3382612127176905
9.524000000000001	-1.6658424814203197
9.528	-1.8887527404749676
9.532	-1.992985718499012
9.536	-1.9719920741409986
9.540000000000001	-1.827090915285164
9.544	-1.567386914651606
9.548	-1.209198229724816
9.552	-0.7750311729042592
9.556000000000001	-0.2921660571246302
9.56	0.20905692653530034
9.564	0.6971440946436482
9.568	1.1414271353688998
9.572000000000001	1.5139901113035585
9.576	1.7914235204788682
9.58	1.9562952014676365
9.584	1.99824566019772
9.588000000000001	1.9146389950640847
9.592	1.7107285203209108
9.596	1.3993266810267335
9.6	0.9999999999999812
9.604000000000001	0.537839641230486
9.608	0.04188483976664124
9.612	-0.4567017402214072
9.616	-0.9265920702396316
9.620000000000001	-1.3382612127178275
9.624	-1.6658424814202957
9.628	-1.8887527404749533
9.632	-1.9929857184990085
9.636000000000001	-1.971992074140968
9.64	-1.8270909152851815
9.644	-1.5673869146516328
9.648	-1.2091982297248502
9.652000000000001	-0.7750311729040894
9.656	-0.2921660571246728
9.66	0.20905692653525743
9.664	0.6971440946436077
9.668000000000001	1.1414271353690513
9.672	1.5139901113035303
9.676	1.7914235204788491
9.68	1.9562952014676276
9.684000000000001	1.9982456601977123
9.688	1.9146389950640972
9.692	1.710728520320933
9.696	1.3993266810267646
9.700000000000001	0.9999999999998218
9.704	0.5378396412305275
9.708	0.04188483976668435
9.712	-0.45670174022136517
9.716000000000001	-0.926592070239795
9.72	-1.3382612127177953
9.724	-1.665842481420272
9.728	-1.8887527404749391
9.732	-1.992985718499005
9.736	-1.971992074140975
9.74	-1.827090915285199
9.744	-1.5673869146516595
9.748	-1.2091982297248849
9.752	-0.775031172904129
9.756	-0.2921660571247155
9.76	0.20905692653521457
9.764	0.6971440946435673
9.768	1.1414271353690157
9.772	1.5139901113035024
9.776	1.7914235204788298
9.78	1.9562952014676185
9.784	1.998245660197714
9.788	1.9146389950641096
9.792	1.7107285203210731
9.796	1.3993266810267952
9.8	0.9999999999998591
9.804	0.5378396412305692
9.808	0.04188483976672746
9.812	-0.4567017402213232
9.816	-0.9265920702397568
9.82	-1.3382612127177633
9.824	-1.6658424814202482
9.828	-1.888752740474925
9.832	-1.9929857184990203
9.836	-1.9719920741409822
9.84	-1.8270909152852166
9.844	-1.5673869146516863
9.848	-1.2091982297247381
9.852	-0.7750311729041689
9.856	-0.2921660571247581
9.86	0.20905692653517166
9.864	0.6971440946437399
9.868	1.1414271353689804
9.872	1.5139901113034742
9.876	1.7914235204788107
9.88	1.956295201467657
9.884	1.9982456601977159
9.888	1.914638995064122
9.892	1.7107285203210956
9.896	1.3993266810266638
9.9	0.9999999999998964
9.904	0.5378396412306106
9.908	0.04188483976677058
9.912	-0.45670174022150256
9.916	-0.9265920702397186
9.92	-1.3382612127177314
9.924	-1.6658424814202242
9.928	-1.8887527404749855
9.932	-1.9929857184990167
9.936	-1.9719920741409895
9.94	-1.8270909152852342
9.944	-1.567386914651572
9.948	-1.2091982297247723
9.952	-0.7750311729042086
9.956	-0.29216605712480076
9.96	0.20905692653535493
9.964	0.6971440946436996
9.968	1.141427135368945
9.972	1.5139901113034457
9.976	1.7914235204788926
9.98	1.9562952014676478
9.984	1.9982456601977179
9.988	1.9146389950641345
9.992	1.710728520321
9.996	1.3993266810266944
