0.0	1.4330127018922196
0.004	1.1061231471777528
0.008	0.3812046752886989
0.012	-0.3543586731569902
0.016	-0.679021700893257
0.02	-0.517172720473502
0.024	-0.20041695511726676
0.028	-0.15370299504555512
0.032	-0.4980409574374266
0.036000000000000004	-0.9387885979774109
0.04	-1.0431613602098957
0.044	-0.649076802421598
0.048	-0.025325772693057413
0.052000000000000005	0.3662478108820333
0.056	0.28652903753918507
0.06	-0.07228480946673829
0.064	-0.27808144614914926
0.068	-0.07169920688998432
0.07200000000000001	0.3827712484269621
0.076	0.6432396567944978
0.08	0.39603685879412703
0.084	-0.2535315813164143
0.088	-0.8761800143152401
0.092	-1.1111587069098197
0.096	-0.9922656065742439
0.1	-0.9052485108254964
0.10400000000000001	-1.216836638412689
0.108	-1.9205856851511114
0.112	-2.629165086228002
0.116	-2.9210978081702295
0.12	-2.720854843124232
0.124	-2.360138400846851
0.128	-2.2640081200442532
0.132	-2.553598947810403
0.136	-2.9344069358432883
0.14	-2.9737989404515726
0.14400000000000002	-2.5098566669552764
0.148	-1.8115474300876313
0.152	-1.340903488444305
0.156	-1.3372394913766337
0.16	-1.608568787744434
0.164	-1.7230000871286333
0.168	-1.4216025206825946
0.17200000000000001	-0.8687067652527685
0.176	-0.5066517146965708
0.18	-0.6493631451071572
0.184	-1.1917994464899242
0.188	-1.7049455947031906
0.192	-1.8283284687292713
0.196	-1.5960279167651366
0.2	-1.3940782133929837
0.20400000000000001	-1.589498907103548
0.20800000000000002	-2.1761391427320347
0.212	-2.766964182486168
0.216	-2.9407944506291983
0.22	-2.6223992763557153
0.224	-2.1437793321572642
0.228	-1.9302920912184653
0.232	-2.1033689544997665
0.23600000000000002	-2.3688002980854512
0.24	-2.2942444297013598
0.244	-1.7180708968839977
0.248	-0.9095305202679589
0.252	-0.330934011874661
0.256	-0.22186871860802165
0.26	-0.39061424214963003
0.264	-0.4055384275936083
0.268	-0.007961769699150356
0.272	0.6375420979551135
0.276	1.0884003453830033
0.28	1.030462871909029
0.28400000000000003	0.5685571411552086
0.28800000000000003	0.1314947500527358
0.292	0.07955662544567049
0.296	0.3784824434994701
0.3	0.6420696284275229
0.304	0.5031429301112977
0.308	-0.032289505019785975
0.312	-0.5773222945217232
0.316	-0.7108915378561222
0.32	-0.35786826706040625
0.324	0.14965937179676286
0.328	0.3862608821852083
0.332	0.23044647449381805
0.336	-0.023617833822679846
0.34	0.056380935392254306
0.34400000000000003	0.6320594853622415
0.34800000000000003	1.434168245822315
0.352	2.0004127515716568
0.356	2.0912368579370346
0.36	1.898407042058089
0.364	1.853616297853363
0.368	2.215619576083153
0.372	2.8199331046131944
0.376	3.2240881038287874
0.38	3.1140524495126773
0.384	2.5947852098131956
0.388	2.0952428818114224
0.392	1.9758642220945286
0.396	2.2025592674726875
0.4	2.3893079033598283
0.404	2.1691289804809535
0.40800000000000003	1.5482358954364555
0.41200000000000003	0.9137499116889531
0.41600000000000004	0.686960896308999
0.42	0.94323329849368
0.424	1.350723373265264
0.428	1.4842533276625232
0.432	1.2225937397701412
0.436	0.8601780011541122
0.44	0.8295927950875253
0.444	1.2927341695129186
0.448	1.9806368328376218
0.452	2.431294814373898
0.456	2.405443951040193
0.46	2.0951454510755907
0.464	1.9323890444895029
0.468	2.176227673543404
0.47200000000000003	2.662476060262122
0.47600000000000003	2.9489636678257836
0.48	2.7219556100605855
0.484	2.086706437557762
0.488	1.4724656278264743
0.492	1.2399616757732088
0.496	1.3553903825144884
0.5	1.433012701892218
0.504	1.106123147177757
0.508	0.3812046752887043
0.512	-0.35435867315699765
0.516	-0.679021700893255
0.52	-0.5171727204734984
0.524	-0.20041695511726515
0.528	-0.1537029950455565
0.532	-0.4980409574374338
0.536	-0.9387885979774133
0.54	-1.0431613602098955
0.544	-0.6490768024215792
0.548	-0.02532577269304437
0.552	0.3662478108820372
0.556	0.28652903753918046
0.56	-0.07228480946674348
0.5640000000000001	-0.27808144614914787
0.5680000000000001	-0.07169920688997627
0.5720000000000001	0.38277124842696897
0.5760000000000001	0.6432396567944967
0.58	0.3960368587941254
0.584	-0.25353158131641107
0.588	-0.8761800143152365
0.592	-1.1111587069098192
0.596	-0.9922656065742407
0.6	-0.9052485108254962
0.604	-1.216836638412686
0.608	-1.9205856851511076
0.612	-2.629165086227994
0.616	-2.92109780817023
0.62	-2.7208548431242305
0.624	-2.3601384008468513
0.628	-2.264008120044253
0.632	-2.5535989478104097
0.636	-2.9344069358432923
0.64	-2.973798940451572
0.644	-2.5098566669552764
0.648	-1.8115474300876124
0.652	-1.340903488444301
0.656	-1.3372394913766386
0.66	-1.6085687877444381
0.664	-1.723000087128632
0.668	-1.4216025206825837
0.672	-0.8687067652527602
0.676	-0.5066517146965683
0.68	-0.6493631451071603
0.684	-1.1917994464899422
0.6880000000000001	-1.7049455947031977
0.6920000000000001	-1.8283284687292678
0.6960000000000001	-1.59602791676513
0.7000000000000001	-1.3940782133929814
0.704	-1.5894989071035486
0.708	-2.1761391427320307
0.712	-2.766964182486165
0.716	-2.9407944506291956
0.72	-2.62239927635571
0.724	-2.1437793321572634
0.728	-1.9302920912184658
0.732	-2.103368954499763
0.736	-2.368800298085454
0.74	-2.294244429701358
0.744	-1.7180708968839982
0.748	-0.909530520267961
0.752	-0.3309340118746538
0.756	-0.2218687186080256
0.76	-0.3906142421496358
0.764	-0.40553842759360936
0.768	-0.007961769699137922
0.772	0.637542097955119
0.776	1.0884003453830076
0.78	1.0304628719090259
0.784	0.568557141155211
0.788	0.13149475005272837
0.792	0.07955662544567516
0.796	0.37848244349947924
0.8	0.6420696284275277
0.804	0.5031429301112846
0.808	-0.032289505019799804
0.812	-0.5773222945217317
0.8160000000000001	-0.7108915378561189
0.8200000000000001	-0.35786826706038843
0.8240000000000001	0.1496593717967734
0.8280000000000001	0.3862608821852094
0.8320000000000001	0.23044647449381733
0.836	-0.02361783382267646
0.84	0.056380935392251974
0.844	0.6320594853622379
0.848	1.4341682458223117
0.852	2.0004127515716577
0.856	2.091236857937033
0.86	1.8984070420580834
0.864	1.8536162978533623
0.868	2.2156195760831516
0.872	2.819933104613208
0.876	3.2240881038287883
0.88	3.1140524495126756
0.884	2.5947852098131996
0.888	2.095242881811414
0.892	1.9758642220945313
0.896	2.202559267472693
0.9	2.389307903359832
0.904	2.169128980480956
0.908	1.548235895436439
0.912	0.9137499116889517
0.916	0.6869608963090014
0.92	0.9432332984936848
0.924	1.3507233732652766
0.928	1.484253327662521
0.932	1.2225937397701323
0.936	0.8601780011541077
0.9400000000000001	0.8295927950875311
0.9440000000000001	1.2927341695129335
0.9480000000000001	1.9806368328376358
0.9520000000000001	2.4312948143739037
0.9560000000000001	2.405443951040187
0.96	2.0951454510755854
0.964	1.9323890444895029
0.968	2.176227673543401
0.972	2.66247606026211
0.976	2.948963667825785
0.98	2.7219556100605815
0.984	2.0867064375577575
0.988	1.4724656278264736
0.992	1.2399616757732106
0.996	1.3553903825145002
1.0	1.4330127018922274
1.004	1.1061231471777617
1.008	0.3812046752887112
1.012	-0.354358673156995
1.016	-0.6790217008932565
1.02	-0.5171727204734878
1.024	-0.20041695511726976
1.028	-0.1537029950455538
1.032	-0.49804095743742116
1.036	-0.938788597977407
1.04	-1.0431613602099052
1.044	-0.6490768024216242
1.048	-0.025325772693085613
1.052	0.3662478108820347
1.056	0.28652903753918185
1.06	-0.07228480946674176
1.064	-0.2780814461491536
1.068	-0.07169920688999198
1.072	0.38277124842695187
1.076	0.6432396567944932
1.08	0.39603685879413647
1.084	-0.25353158131639275
1.088	-0.8761800143152477
1.092	-1.1111587069098203
1.096	-0.9922656065742442
1.1	-0.9052485108254988
1.104	-1.216836638412686
1.108	-1.9205856851511058
1.112	-2.629165086227994
1.116	-2.921097808170233
1.12	-2.720854843124246
1.124	-2.360138400846845
1.1280000000000001	-2.2640081200442554
1.1320000000000001	-2.5535989478104093
1.1360000000000001	-2.9344069358432927
1.1400000000000001	-2.9737989404515734
1.1440000000000001	-2.5098566669552804
1.1480000000000001	-1.8115474300876355
1.1520000000000001	-1.3409034884443103
1.156	-1.337239491376632
1.16	-1.6085687877444292
1.164	-1.723000087128637
1.168	-1.421602520682614
1.172	-0.8687067652527929
1.176	-0.5066517146965761
1.18	-0.6493631451071354
1.184	-1.191799446489886
1.188	-1.704945594703165
1.192	-1.8283284687292722
1.196	-1.5960279167651408
1.2	-1.3940782133929828
1.204	-1.5894989071035328
1.208	-2.176139142732007
1.212	-2.766964182486149
1.216	-2.9407944506291983
1.22	-2.6223992763557358
1.224	-2.143779332157287
1.228	-1.9302920912184687
1.232	-2.1033689544997642
1.236	-2.36880029808545
1.24	-2.2942444297013695
1.244	-1.718070896884021
1.248	-0.909530520267984
1.252	-0.33093401187467025
1.256	-0.22186871860801466
1.26	-0.39061424214963825
1.264	-0.40553842759361347
1.268	-0.00796176969915785
1.272	0.6375420979550976
1.276	1.0884003453829998
1.28	1.0304628719090392
1.284	0.5685571411552315
1.288	0.13149475005274397
1.292	0.07955662544566344
1.296	0.3784824434994704
1.3	0.6420696284275237
1.304	0.5031429301112965
1.308	-0.03228950501977987
1.312	-0.5773222945217196
1.316	-0.7108915378561207
1.32	-0.3578682670604143
1.324	0.14965937179675248
1.328	0.38626088218520294
1.332	0.23044647449381253
1.336	-0.02361783382268534
1.34	0.05638093539225031
1.344	0.6320594853622341
1.348	1.4341682458223077
1.352	2.000412751571656
1.356	2.091236857937038
1.36	1.898407042058094
1.364	1.8536162978533617
1.368	2.215619576083161
1.372	2.8199331046132032
1.3760000000000001	3.224088103828788
1.3800000000000001	3.1140524495126773
1.3840000000000001	2.5947852098132023
1.3880000000000001	2.0952428818114264
1.3920000000000001	1.975864222094529
1.3960000000000001	2.2025592674726853
1.4000000000000001	2.389307903359831
1.4040000000000001	2.169128980480944
1.408	1.5482358954364819
1.412	0.9137499116889808
1.416	0.6869608963089988
1.42	0.9432332984936597
1.424	1.3507233732652473
1.428	1.4842533276625283
1.432	1.2225937397701454
1.436	0.8601780011541162
1.44	0.8295927950875164
1.444	1.292734169512893
1.448	1.9806368328375987
1.452	2.431294814373891
1.456	2.405443951040202
1.46	2.095145451075603
1.464	1.9323890444894993
1.468	2.176227673543401
1.472	2.6624760602621103
1.476	2.948963667825782
1.48	2.7219556100605953
1.484	2.0867064375577837
1.488	1.4724656278264923
1.492	1.23996167577321
1.496	1.3553903825144806
1.5	1.4330127018922239
1.504	1.1061231471777606
1.508	0.3812046752887122
1.512	-0.35435867315697833
1.516	-0.6790217008932574
1.52	-0.5171727204735082
1.524	-0.20041695511727353
1.528	-0.15370299504554757
1.532	-0.49804095743740506
1.536	-0.9387885979774084
1.54	-1.0431613602098952
1.544	-0.6490768024216043
1.548	-0.025325772693069237
1.552	0.3662478108820266
1.556	0.2865290375391955
1.56	-0.0722848094667258
1.564	-0.27808144614914926
1.568	-0.07169920689000436
1.572	0.38277124842696786
1.576	0.6432396567944996
1.58	0.3960368587941304
1.584	-0.2535315813164072
1.588	-0.876180014315235
1.592	-1.111158706909822
1.596	-0.9922656065742469
1.6	-0.9052485108254928
1.604	-1.2168366384126943
1.608	-1.92058568515112
1.612	-2.629165086228003
1.616	-2.921097808170229
1.62	-2.720854843124234
1.624	-2.3601384008468558
1.6280000000000001	-2.2640081200442532
1.6320000000000001	-2.553598947810394
1.6360000000000001	-2.934406935843282
1.6400000000000001	-2.973798940451566
1.6440000000000001	-2.509856666955263
1.6480000000000001	-1.8115474300876189
1.6520000000000001	-1.3409034884443034
1.6560000000000001	-1.337239491376637
1.6600000000000001	-1.6085687877444355
1.6640000000000001	-1.7230000871286353
1.668	-1.42160252068263
1.672	-0.8687067652528107
1.676	-0.5066517146965742
1.68	-0.6493631451071464
1.684	-1.191799446489902
1.688	-1.704945594703175
1.692	-1.8283284687292747
1.696	-1.5960279167651497
1.7	-1.3940782133929832
1.704	-1.589498907103517
1.708	-2.176139142732024
1.712	-2.7669641824861606
1.716	-2.9407944506292023
1.72	-2.622399276355731
1.724	-2.1437793321572793
1.728	-1.9302920912184667
1.732	-2.1033689544997527
1.736	-2.368800298085442
1.74	-2.2942444297013784
1.744	-1.7180708968840057
1.748	-0.9095305202679682
1.752	-0.33093401187467075
1.756	-0.22186871860802587
1.76	-0.39061424214963036
1.764	-0.4055384275936168
1.768	-0.007961769699174448
1.772	0.6375420979550797
1.776	1.0884003453830022
1.78	1.030462871909029
1.784	0.5685571411552164
1.788	0.13149475005273464
1.792	0.0795566254456645
1.796	0.37848244349946136
1.8	0.6420696284275231
1.804	0.5031429301113118
1.808	-0.03228950501975644
1.812	-0.5773222945217313
1.816	-0.7108915378561202
1.82	-0.35786826706040525
1.824	0.1496593717967597
1.828	0.38626088218520466
1.832	0.23044647449382427
1.836	-0.023617833822677903
1.84	0.05638093539224154
1.844	0.632059485362211
1.848	1.4341682458223235
1.852	2.0004127515716617
1.856	2.0912368579370337
1.86	1.8984070420580874
1.864	1.8536162978533581
1.868	2.215619576083144
1.872	2.8199331046131855
1.8760000000000001	3.2240881038287834
1.8800000000000001	3.114052449512667
1.8840000000000001	2.594785209813187
1.8880000000000001	2.095242881811417
1.8920000000000001	1.9758642220945304
1.8960000000000001	2.202559267472691
1.9000000000000001	2.389307903359831
1.9040000000000001	2.1691289804809597
1.9080000000000001	1.548235895436466
1.9120000000000001	0.9137499116889699
1.9160000000000001	0.6869608963090019
1.92	0.9432332984936694
1.924	1.350723373265255
1.928	1.4842533276625267
1.932	1.2225937397701576
1.936	0.860178001154124
1.94	0.8295927950875082
1.944	1.2927341695128707
1.948	1.980636832837576
1.952	2.431294814373897
1.956	2.405443951040198
1.96	2.0951454510755974
1.964	1.932389044489502
1.968	2.1762276735433854
1.972	2.6624760602620934
1.976	2.9489636678257782
1.98	2.72195561006061
1.984	2.0867064375577695
1.988	1.4724656278264834
1.992	1.2399616757732117
1.996	1.355390382514487
2.0	1.433012701892224
2.004	1.106123147177777
2.008	0.3812046752887365
2.012	-0.3543586731569617
2.016	-0.6790217008932582
2.02	-0.5171727204734979
2.024	-0.2004169551172661
2.028	-0.15370299504554868
2.032	-0.49804095743740706
2.036	-0.9387885979774002
2.04	-1.0431613602098886
2.044	-0.6490768024216265
2.048	-0.02532577269305286
2.052	0.3662478108820184
2.056	0.2865290375391915
2.06	-0.07228480946671687
2.064	-0.27808144614914676
2.068	-0.07169920689002002
2.072	0.382771248426951
2.076	0.6432396567945029
2.08	0.3960368587941445
2.084	-0.2535315813164216
2.088	-0.8761800143152221
2.092	-1.11115870690982
2.096	-0.992265606574255
2.1	-0.9052485108254928
2.104	-1.2168366384127047
2.108	-1.9205856851510963
2.112	-2.6291650862280136
2.116	-2.9210978081702303
2.12	-2.720854843124224
2.124	-2.360138400846867
2.128	-2.2640081200442546
2.132	-2.5535989478103813
2.136	-2.934406935843287
2.14	-2.9737989404515597
2.144	-2.509856666955286
2.148	-1.8115474300876024
2.152	-1.3409034884443118
2.156	-1.337239491376641
2.16	-1.6085687877444268
2.164	-1.723000087128633
2.168	-1.4216025206826188
2.172	-0.8687067652527686
2.176	-0.5066517146965641
2.18	-0.649363145107155
2.184	-1.1917994464899513
2.188	-1.704945594703182
2.192	-1.8283284687292674
2.196	-1.5960279167651417
2.2	-1.3940782133929803
2.204	-1.5894989071035255
2.208	-2.1761391427320413
2.212	-2.7669641824861997
2.216	-2.9407944506291974
2.22	-2.622399276355694
2.224	-2.1437793321572673
2.228	-1.9302920912184671
2.232	-2.1033689544997562
2.236	-2.3688002980854557
2.24	-2.294244429701367
2.244	-1.71807089688399
2.248	-0.9095305202679144
2.2520000000000002	-0.330934011874659
2.2560000000000002	-0.22186871860803464
2.2600000000000002	-0.3906142421496301
2.2640000000000002	-0.4055384275936037
2.2680000000000002	-0.007961769699156684
2.2720000000000002	0.6375420979551283
2.2760000000000002	1.0884003453830045
2.2800000000000002	1.0304628719090188
2.2840000000000003	0.5685571411551654
2.2880000000000003	0.13149475005273242
2.2920000000000003	0.07955662544567643
2.2960000000000003	0.378482443499474
2.3000000000000003	0.6420696284275298
2.3040000000000003	0.5031429301113073
2.308	-0.032289505019740004
2.312	-0.5773222945217225
2.316	-0.7108915378561311
2.32	-0.3578682670604259
2.324	0.14965937179672278
2.328	0.38626088218520654
2.332	0.23044647449385694
2.336	-0.023617833822676404
2.34	0.05638093539221245
2.344	0.6320594853621826
2.348	1.434168245822295
2.352	2.000412751571633
2.356	2.091236857937034
2.36	1.8984070420581056
2.364	1.853616297853356
2.368	2.2156195760831006
2.372	2.819933104613164
2.376	3.224088103828769
2.38	3.114052449512701
2.384	2.5947852098132054
2.388	2.0952428818114486
2.392	1.9758642220945257
2.396	2.202559267472666
2.4	2.3893079033598306
2.404	2.1691289804810028
2.408	1.5482358954364888
2.412	0.9137499116890131
2.416	0.6869608963089984
2.42	0.9432332984936789
2.424	1.350723373265244
2.428	1.4842533276625252
2.432	1.2225937397701698
2.436	0.8601780011541189
2.44	0.8295927950875
2.444	1.2927341695128867
2.448	1.9806368328375539
2.452	2.4312948143738886
2.456	2.405443951040194
2.46	2.0951454510756067
2.464	1.9323890444895038
2.468	2.176227673543365
2.472	2.6624760602621054
2.476	2.94896366782577
2.48	2.7219556100606
2.484	2.0867064375577553
2.488	1.4724656278264912
2.492	1.239961675773214
2.496	1.355390382514473
2.5	1.433012701892225
2.504	1.1061231471777868
2.508	0.3812046752887201
2.512	-0.35435867315695174
2.516	-0.6790217008932569
2.52	-0.517172720473488
2.524	-0.20041695511728286
2.528	-0.15370299504554985
2.532	-0.4980409574374075
2.536	-0.9387885979774051
2.54	-1.0431613602099183
2.544	-0.6490768024216099
2.548	-0.025325772693106152
2.552	0.36624781088202496
2.556	0.28652903753918774
2.56	-0.07228480946672933
2.564	-0.27808144614914426
2.568	-0.07169920689001491
2.572	0.38277124842696375
2.576	0.6432396567944991
2.58	0.3960368587941352
2.584	-0.2535315813163582
2.588	-0.8761800143152305
2.592	-1.1111587069098126
2.596	-0.992265606574254
2.6	-0.9052485108254922
2.604	-1.2168366384126668
2.608	-1.9205856851511127
2.612	-2.6291650862279656
2.616	-2.9210978081702286
2.62	-2.7208548431242567
2.624	-2.360138400846859
2.628	-2.264008120044253
2.632	-2.553598947810393
2.636	-2.9344069358432927
2.64	-2.973798940451585
2.644	-2.5098566669552698
2.648	-1.811547430087665
2.652	-1.3409034884443056
2.656	-1.3372394913766443
2.66	-1.6085687877444328
2.664	-1.7230000871286308
2.668	-1.4216025206826073
2.672	-0.868706765252756
2.676	-0.5066517146965739
2.68	-0.6493631451071646
2.684	-1.191799446489893
2.688	-1.7049455947031913
2.692	-1.828328468729268
2.696	-1.5960279167651354
2.7	-1.3940782133929837
2.704	-1.5894989071035368
2.708	-2.176139142732058
2.712	-2.766964182486152
2.716	-2.9407944506291965
2.72	-2.6223992763557264
2.724	-2.1437793321572594
2.728	-1.9302920912184742
2.732	-2.1033689544997656
2.736	-2.368800298085467
2.74	-2.2942444297013616
2.744	-1.7180708968839744
2.748	-0.9095305202679698
2.7520000000000002	-0.3309340118746532
2.7560000000000002	-0.22186871860801205
2.7600000000000002	-0.3906142421496365
2.7640000000000002	-0.40553842759360875
2.7680000000000002	-0.007961769699145749
2.7720000000000002	0.6375420979551333
2.7760000000000002	1.088400345383007
2.7800000000000002	1.0304628719090085
2.7840000000000003	0.5685571411552286
2.7880000000000003	0.1314947500527231
2.7920000000000003	0.0795566254456771
2.7960000000000003	0.3784824434994796
2.8000000000000003	0.6420696284275222
2.8040000000000003	0.5031429301112955
2.8080000000000003	-0.03228950501983196
2.8120000000000003	-0.5773222945217206
2.816	-0.7108915378561373
2.82	-0.35786826706046354
2.824	0.14965937179672362
2.828	0.38626088218520455
2.832	0.23044647449384154
2.836	-0.023617833822676515
2.84	0.05638093539221778
2.844	0.6320594853622037
2.848	1.434168245822234
2.852	2.0004127515716332
2.856	2.0912368579370506
2.86	1.8984070420580947
2.864	1.8536162978533572
2.868	2.2156195760831072
2.872	2.8199331046131797
2.876	3.224088103828772
2.88	3.1140524495126947
2.884	2.5947852098132613
2.888	2.095242881811442
2.892	1.9758642220945195
2.896	2.20255926747267
2.9	2.3893079033598306
2.904	2.1691289804809903
2.908	1.548235895436473
2.912	0.9137499116890018
2.916	0.6869608963089995
2.92	0.9432332984936417
2.924	1.3507233732652515
2.928	1.4842533276625312
2.932	1.222593739770163
2.936	0.8601780011541136
2.94	0.8295927950875079
2.944	1.2927341695129027
2.948	1.9806368328375696
2.952	2.4312948143738917
2.956	2.405443951040211
2.96	2.095145451075597
2.964	1.9323890444894967
2.968	2.1762276735433854
2.972	2.6624760602621187
2.976	2.9489636678257822
2.98	2.7219556100605913
2.984	2.086706437557812
2.988	1.4724656278264825
2.992	1.2399616757732081
2.996	1.3553903825144795
3.0	1.433012701892225
3.004	1.1061231471777888
3.008	0.38120467528870366
3.012	-0.3543586731569494
3.016	-0.6790217008932555
3.02	-0.5171727204735245
3.024	-0.20041695511727442
3.028	-0.1537029950455432
3.032	-0.4980409574374156
3.036	-0.9387885979774102
3.04	-1.0431613602098977
3.044	-0.6490768024215934
3.048	-0.025325772693089832
3.052	0.3662478108820315
3.056	0.28652903753920483
3.06	-0.0722848094667348
3.064	-0.27808144614915153
3.068	-0.07169920689000298
3.072	0.3827712484269766
3.076	0.6432396567945025
3.08	0.396036858794126
3.084	-0.25353158131637277
3.088	-0.8761800143152387
3.092	-1.111158706909818
3.096	-0.9922656065742476
3.1	-0.905248510825492
3.104	-1.2168366384126776
3.108	-1.9205856851511292
3.112	-2.6291650862279767
3.116	-2.9210978081702277
3.12	-2.720854843124247
3.124	-2.360138400846851
3.128	-2.2640081200442466
3.132	-2.5535989478104013
3.136	-2.934406935843271
3.14	-2.9737989404515788
3.144	-2.5098566669552533
3.148	-1.8115474300876493
3.152	-1.3409034884442994
3.156	-1.3372394913766277
3.16	-1.6085687877444388
3.164	-1.7230000871286386
3.168	-1.4216025206825957
3.172	-0.8687067652528035
3.176	-0.5066517146965712
3.18	-0.6493631451071746
3.184	-1.1917994464899082
3.188	-1.7049455947031997
3.192	-1.8283284687292742
3.196	-1.5960279167651297
3.2	-1.3940782133929837
3.204	-1.5894989071035481
3.208	-2.1761391427320755
3.212	-2.7669641824861646
3.216	-2.940794450629196
3.22	-2.622399276355717
3.224	-2.1437793321572514
3.228	-1.9302920912184682
3.232	-2.103368954499774
3.236	-2.3688002980854463
3.24	-2.2942444297013562
3.244	-1.7180708968839589
3.248	-0.9095305202679544
3.2520000000000002	-0.3309340118746477
3.2560000000000002	-0.221868718608017
3.2600000000000002	-0.390614242149643
3.2640000000000002	-0.405538427593617
3.2680000000000002	-0.007961769699134869
3.2720000000000002	0.6375420979550854
3.2760000000000002	1.0884003453830093
3.2800000000000002	1.0304628719089985
3.2840000000000003	0.5685571411552133
3.2880000000000003	0.13149475005271377
3.2920000000000003	0.07955662544567815
3.2960000000000003	0.3784824434994851
3.3000000000000003	0.6420696284275218
3.3040000000000003	0.5031429301112839
3.3080000000000003	-0.032289505019767774
3.3120000000000003	-0.5773222945217326
3.3160000000000003	-0.7108915378561189
3.3200000000000003	-0.3578682670603942
3.3240000000000003	0.14965937179678201
3.3280000000000003	0.3862608821852153
3.332	0.23044647449383251
3.336	-0.023617833822656087
3.34	0.05638093539222355
3.344	0.6320594853621421
3.348	1.4341682458222493
3.352	2.000412751571639
3.356	2.091236857937046
3.36	1.8984070420580885
3.364	1.853616297853349
3.368	2.2156195760831188
3.372	2.819933104613132
3.376	3.224088103828774
3.38	3.1140524495126845
3.384	2.5947852098132467
3.388	2.095242881811433
3.392	1.9758642220945213
3.396	2.202559267472676
3.4	2.3893079033598306
3.404	2.169128980480979
3.408	1.5482358954365374
3.412	0.9137499116889904
3.416	0.6869608963090001
3.42	0.9432332984936515
3.424	1.3507233732652593
3.428	1.4842533276625298
3.432	1.2225937397701543
3.436	0.8601780011541345
3.44	0.829592795087514
3.444	1.2927341695128416
3.448	1.9806368328375863
3.452	2.431294814373898
3.456	2.405443951040207
3.46	2.095145451075591
3.464	1.9323890444894989
3.468	2.176227673543397
3.472	2.6624760602620716
3.476	2.9489636678257853
3.48	2.721955610060629
3.484	2.086706437557798
3.488	1.472465627826474
3.492	1.23996167577321
3.496	1.355390382514486
3.5	1.4330127018922256
3.504	1.1061231471777782
3.508	0.3812046752887688
3.512	-0.3543586731569604
3.516	-0.6790217008932586
3.52	-0.5171727204735143
3.524	-0.2004169551172661
3.528	-0.1537029950455442
3.532	-0.4980409574374237
3.536	-0.9387885979773887
3.54	-1.0431613602098913
3.544	-0.6490768024216542
3.548	-0.025325772693073456
3.552	0.3662478108820381
3.556	0.28652903753920095
3.56	-0.07228480946674026
3.564	-0.27808144614914904
3.568	-0.07169920688999121
3.572	0.38277124842692967
3.576	0.6432396567945056
3.58	0.3960368587941636
3.584	-0.2535315813163871
3.588	-0.8761800143152473
3.592	-1.111158706909816
3.596	-0.9922656065742411
3.6	-0.9052485108254916
3.604	-1.2168366384126887
3.608	-1.9205856851510639
3.612	-2.629165086227988
3.616	-2.921097808170231
3.62	-2.7208548431242368
3.624	-2.360138400846842
3.628	-2.264008120044248
3.632	-2.5535989478104097
3.636	-2.9344069358432767
3.64	-2.9737989404515726
3.644	-2.5098566669553146
3.648	-1.8115474300876335
3.652	-1.3409034884443227
3.656	-1.3372394913766317
3.66	-1.6085687877444448
3.664	-1.7230000871286366
3.668	-1.4216025206825842
3.672	-0.868706765252791
3.676	-0.5066517146965686
3.68	-0.6493631451071374
3.684	-1.1917994464899229
3.688	-1.7049455947031662
3.692	-1.828328468729273
3.696	-1.5960279167651237
3.7	-1.3940782133929837
3.704	-1.5894989071035597
3.708	-2.1761391427320107
3.712	-2.766964182486176
3.716	-2.9407944506292
3.72	-2.622399276355708
3.724	-2.1437793321572824
3.728	-1.9302920912184705
3.732	-2.1033689544997833
3.736	-2.368800298085452
3.74	-2.2942444297013505
3.744	-1.7180708968840206
3.748	-0.9095305202679388
3.7520000000000002	-0.3309340118746713
3.7560000000000002	-0.22186871860802165
3.7600000000000002	-0.39061424214964935
3.7640000000000002	-0.4055384275936154
3.7680000000000002	-0.007961769699123877
3.7720000000000002	0.6375420979550974
3.7760000000000002	1.0884003453830116
3.7800000000000002	1.0304628719090352
3.7840000000000003	0.5685571411551982
3.7880000000000003	0.13149475005274724
3.7920000000000003	0.07955662544567926
3.7960000000000003	0.3784824434994907
3.8000000000000003	0.6420696284275212
3.8040000000000003	0.5031429301112723
3.8080000000000003	-0.0322895050197851
3.8120000000000003	-0.5773222945217444
3.8160000000000003	-0.7108915378561229
3.8200000000000003	-0.35786826706038494
3.8240000000000003	0.14965937179675143
3.8280000000000003	0.38626088218521326
3.8320000000000003	0.23044647449379438
3.8360000000000003	-0.023617833822688228
3.84	0.0563809353922291
3.844	0.6320594853621577
3.848	1.4341682458222649
3.852	2.0004127515716155
3.856	2.0912368579370413
3.86	1.898407042058111
3.864	1.853616297853351
3.868	2.2156195760831294
3.872	2.8199331046131437
3.876	3.2240881038287768
3.88	3.1140524495127218
3.884	2.5947852098132316
3.888	2.095242881811467
3.892	1.9758642220945228
3.896	2.2025592674726524
3.9	2.3893079033598306
3.904	2.169128980480968
3.908	1.5482358954365203
3.912	0.9137499116889787
3.916	0.6869608963089967
3.92	0.9432332984936612
3.924	1.350723373265229
3.928	1.4842533276625285
3.932	1.2225937397701458
3.936	0.8601780011541293
3.94	0.8295927950875204
3.944	1.2927341695128578
3.948	1.980636832837602
3.952	2.4312948143738753
3.956	2.405443951040203
3.96	2.0951454510756142
3.964	1.932389044489501
3.968	2.1762276735434085
3.972	2.662476060262084
3.976	2.948963667825789
3.98	2.7219556100606193
3.984	2.086706437557783
3.988	1.4724656278265085
3.992	1.2399616757732121
3.996	1.355390382514463
4.0	1.4330127018922258
4.0040000000000004	1.1061231471777009
4.008	0.38120467528875235
4.0120000000000005	-0.35435867315703967
4.016	-0.6790217008932572
4.0200000000000005	-0.5171727204734712
4.024	-0.20041695511729585
4.0280000000000005	-0.153702995045567
4.032	-0.4980409574373903
4.0360000000000005	-0.9387885979774342
4.04	-1.0431613602098846
4.0440000000000005	-0.6490768024215746
4.048	-0.02532577269305708
4.0520000000000005	0.3662478108820587
4.056	0.2865290375391972
4.0600000000000005	-0.0722848094667459
4.064	-0.27808144614912844
4.0680000000000005	-0.07169920688996728
4.072	0.3827712484269423
4.0760000000000005	0.6432396567944958
4.08	0.39603685879406936
4.0840000000000005	-0.25353158131654097
4.088	-0.8761800143152352
4.0920000000000005	-1.1111587069097932
4.096	-0.992265606574178
4.1	-0.9052485108254522
4.104	-1.2168366384126719
4.108	-1.9205856851511276
4.112	-2.629165086228033
4.116	-2.921097808170206
4.12	-2.720854843124218
4.124	-2.3601384008468256
4.128	-2.264008120044262
4.132	-2.553598947810383
4.136	-2.9344069358433
4.14	-2.9737989404515845
4.144	-2.509856666955248
4.148	-1.811547430087719
4.152	-1.3409034884442859
4.156	-1.3372394913766628
4.16	-1.6085687877444736
4.164	-1.7230000871286624
4.168	-1.4216025206825298
4.172	-0.8687067652527851
4.176	-0.5066517146965639
4.18	-0.6493631451071877
4.184	-1.1917994464899937
4.188	-1.7049455947031584
4.192	-1.8283284687292465
4.196	-1.5960279167650955
4.2	-1.3940782133929555
4.204	-1.5894989071034962
4.208	-2.1761391427321666
4.212	-2.7669641824861744
4.216	-2.9407944506291797
4.22	-2.622399276355745
4.224	-2.143779332157197
4.228	-1.9302920912184778
4.232	-2.103368954499804
4.236	-2.36880029808545
4.24	-2.294244429701339
4.244	-1.7180708968840432
4.248	-0.9095305202679513
4.252	-0.33093401187467697
4.256	-0.2218687186080739
4.26	-0.390614242149663
4.264	-0.405538427593632
4.268	-0.007961769699138699
4.272	0.6375420979551636
4.276	1.088400345382988
4.28	1.0304628719089401
4.284	0.568557141155184
4.288	0.13149475005271577
4.292	0.07955662544568343
4.296	0.37848244349955307
4.3	0.6420696284275492
4.304	0.5031429301112882
4.308	-0.03228950501969599
4.312	-0.5773222945217906
4.316	-0.7108915378561207
4.32	-0.357868267060367
4.324	0.14965937179678557
4.328	0.38626088218519816
4.332	0.23044647449380243
4.336	-0.02361783382271221
4.34	0.05638093539224048
4.344	0.6320594853623016
4.348	1.4341682458222522
4.352	2.0004127515716914
4.356	2.0912368579369893
4.36	1.8984070420580328
4.364	1.8536162978533341
4.368	2.2156195760832467
4.372	2.8199331046132103
4.376	3.2240881038288016
4.38	3.1140524495126263
4.384	2.594785209813095
4.388	2.095242881811436
4.392	1.975864222094561
4.396	2.2025592674727443
4.4	2.3893079033598617
4.404	2.169128980480984
4.408	1.5482358954364484
4.412	0.9137499116889329
4.416	0.6869608963090219
4.42	0.9432332984936798
4.424	1.3507233732653527
4.428	1.4842533276625138
4.432	1.222593739770081
4.436	0.8601780011541056
4.44	0.8295927950875572
4.444	1.292734169512925
4.448	1.9806368328376611
4.452	2.4312948143739117
4.456	2.4054439510401235
4.46	2.095145451075557
4.464	1.9323890444894873
4.468	2.176227673543463
4.472	2.6624760602622017
4.476	2.9489636678257938
4.48	2.721955610060562
4.484	2.0867064375577127
4.488	1.472465627826435
4.492	1.2399616757732388
4.496	1.3553903825145848
4.5	1.4330127018922547
4.5040000000000004	1.1061231471777178
4.508	0.38120467528876084
4.5120000000000005	-0.3543586731570849
4.516	-0.679021700893236
4.5200000000000005	-0.5171727204734521
4.524	-0.2004169551172097
4.5280000000000005	-0.1537029950455811
4.532	-0.498040957437452
4.5360000000000005	-0.9387885979774575
4.54	-1.0431613602098722
4.5440000000000005	-0.6490768024215072
4.548	-0.025325772693068904
4.5520000000000005	0.366247810882009
4.556	0.28652903753914594
4.5600000000000005	-0.07228480946680332
4.564	-0.27808144614916214
4.5680000000000005	-0.07169920688986925
4.572	0.3827712484270096
4.5760000000000005	0.6432396567945144
4.58	0.39603685879415385
4.5840000000000005	-0.2535315813165554
4.588	-0.8761800143152435
4.5920000000000005	-1.1111587069097912
4.596	-0.9922656065741717
4.6000000000000005	-0.905248510825473
4.604	-1.2168366384126825
4.6080000000000005	-1.9205856851511633
4.612	-2.629165086228044
4.616	-2.921097808170205
4.62	-2.720854843124208
4.624	-2.360138400846817
4.628	-2.2640081200442634
4.632	-2.5535989478103915
4.636	-2.934406935843305
4.64	-2.9737989404515788
4.644	-2.5098566669552316
4.648	-1.8115474300877028
4.652	-1.3409034884443387
4.656	-1.337239491376667
4.66	-1.6085687877444796
4.664	-1.7230000871286606
4.668	-1.4216025206825185
4.672	-0.8687067652527729
4.676	-0.5066517146965613
4.68	-0.6493631451071036
4.684	-1.1917994464900086
4.688	-1.7049455947031673
4.692	-1.8283284687292451
4.696	-1.5960279167650897
4.7	-1.3940782133929557
4.704	-1.5894989071035073
4.708	-2.1761391427320205
4.712	-2.766964182486186
4.716	-2.9407944506291788
4.72	-2.622399276355736
4.724	-2.1437793321572656
4.728	-1.9302920912184796
4.732	-2.1033689544998135
4.736	-2.3688002980854557
4.74	-2.2942444297013336
4.744	-1.7180708968840275
4.748	-0.9095305202679362
4.752	-0.3309340118747301
4.756	-0.2218687186080785
4.76	-0.39061424214966955
4.764	-0.4055384275936304
4.768	-0.007961769699127708
4.772	0.6375420979551755
4.776	1.0884003453829905
4.78	1.0304628719090236
4.784	0.5685571411551688
4.788	0.13149475005270644
4.792	0.07955662544568454
4.796	0.3784824434995586
4.8	0.6420696284275487
4.804	0.5031429301112765
4.808	-0.03228950501971332
4.812	-0.5773222945218026
4.816	-0.7108915378561202
4.82	-0.3578682670603577
4.824	0.14965937179671712
4.828	0.38626088218519616
4.832	0.23044647449379332
4.836	-0.023617833822718093
4.84	0.056380935392246034
4.844	0.6320594853623172
4.848	1.4341682458222678
4.852	2.0004127515716386
4.856	2.091236857936985
4.86	1.898407042058027
4.864	1.853616297853336
4.868	2.215619576083258
4.872	2.8199331046132228
4.876	3.2240881038288043
4.88	3.11405244951271
4.884	2.59478520981308
4.888	2.095242881811427
4.892	1.975864222094562
4.896	2.202559267472692
4.9	2.3893079033598617
4.904	2.169128980480973
4.908	1.5482358954364315
4.912	0.9137499116889214
4.916	0.686960896309023
4.92	0.9432332984936895
4.924	1.3507233732652846
4.928	1.4842533276625123
4.932	1.2225937397700724
4.936	0.8601780011541005
4.94	0.8295927950875633
4.944	1.2927341695129408
4.948	1.9806368328376773
4.952	2.4312948143738593
4.956	2.4054439510401195
4.96	2.095145451075551
4.964	1.9323890444894896
4.968	2.1762276735434747
4.972	2.6624760602622146
4.976	2.9489636678257964
4.98	2.7219556100605526
4.984	2.0867064375576985
4.988	1.4724656278264268
4.992	1.239961675773241
4.996	1.3553903825145328
5.0	1.4330127018922552
5.0040000000000004	1.106123147177707
5.008	0.3812046752887444
5.0120000000000005	-0.3543586731571092
5.016	-0.6790217008932481
5.0200000000000005	-0.517172720473442
5.024	-0.2004169551172772
5.0280000000000005	-0.1537029950455962
5.032	-0.49804095743747434
5.0360000000000005	-0.9387885979774624
5.04	-1.04316136020988
5.0440000000000005	-0.6490768024215049
5.048	-0.02532577269305253
5.0520000000000005	0.36624781088201547
5.056	0.2865290375391281
5.0600000000000005	-0.07228480946680885
5.064	-0.27808144614915975
5.0680000000000005	-0.071699206889981
5.072	0.38277124842700916
5.0760000000000005	0.6432396567945176
5.08	0.3960368587941445
5.0840000000000005	-0.25353158131658166
5.088	-0.8761800143152637
5.0920000000000005	-1.1111587069097892
5.096	-0.9922656065742238
5.1000000000000005	-0.9052485108254831
5.104	-1.2168366384127032
5.1080000000000005	-1.92058568515118
5.112	-2.629165086228064
5.1160000000000005	-2.92109780817022
5.12	-2.7208548431242146
5.124	-2.3601384008468997
5.128	-2.2640081200442714
5.132	-2.5535989478104058
5.136	-2.934406935843321
5.14	-2.9737989404515726
5.144	-2.509856666955219
5.148	-1.8115474300876904
5.152	-1.3409034884443323
5.156	-1.337239491376671
5.16	-1.6085687877444867
5.164	-1.7230000871286588
5.168	-1.4216025206826175
5.172	-0.8687067652527594
5.176	-0.5066517146965568
5.18	-0.6493631451071088
5.184	-1.1917994464900237
5.188	-1.7049455947031724
5.192	-1.828328468729235
5.196	-1.596027916765132
5.2	-1.3940782133929501
5.204	-1.5894989071035124
5.208	-2.1761391427320236
5.212	-2.7669641824861975
5.216	-2.94079445062917
5.22	-2.622399276355718
5.224	-2.143779332157258
5.228	-1.9302920912184818
5.232	-2.1033689544998118
5.236	-2.368800298085451
5.24	-2.2942444297013855
5.244	-1.7180708968840002
5.248	-0.9095305202679087
5.252	-0.3309340118746994
5.256	-0.22186871860808333
5.26	-0.3906142421496627
5.264	-0.40553842759360204
5.268	-0.007961769699199872
5.272	0.6375420979552011
5.276	1.0884003453830067
5.28	1.0304628719090414
5.284	0.5685571411551534
5.288	0.13149475005271133
5.292	0.0795566254456998
5.296	0.3784824434995341
5.3	0.6420696284275482
5.304	0.5031429301112789
5.308	-0.03228950501971682
5.312	-0.5773222945218144
5.316	-0.7108915378561061
5.32	-0.3578682670603352
5.324	0.14965937179675054
5.328	0.3862608821851941
5.332	0.23044647449379665
5.336	-0.023617833822700107
5.34	0.056380935392216947
5.344	0.632059485362344
5.348	1.434168245822294
5.352	2.0004127515716648
5.356	2.09123685793698
5.36	1.89840704205803
5.364	1.8536162978533466
5.368	2.2156195760831756
5.372	2.8199331046132348
5.376	3.2240881038288136
5.38	3.1140524495127067
5.384	2.594785209813065
5.388	2.095242881811418
5.392	1.9758642220945677
5.396	2.202559267472705
5.4	2.3893079033598617
5.404	2.169128980480964
5.408	1.5482358954364162
5.412	0.9137499116890222
5.416	0.6869608963090241
5.42	0.9432332984936985
5.424	1.35072337326529
5.428	1.484253327662511
5.432	1.222593739770061
5.436	0.8601780011540916
5.44	0.8295927950875034
5.444	1.2927341695129573
5.448	1.9806368328376882
5.452	2.4312948143738597
5.456	2.405443951040115
5.46	2.095145451075545
5.464	1.9323890444894838
5.468	2.176227673543359
5.472	2.662476060262227
5.476	2.9489636678257902
5.48	2.7219556100605327
5.484	2.0867064375576625
5.488	1.4724656278264072
5.492	1.2399616757732317
5.496	1.3553903825145155
5.5	1.4330127018922558
5.5040000000000004	1.1061231471776836
5.508	0.3812046752887151
5.5120000000000005	-0.3543586731570231
5.516	-0.6790217008932331
5.5200000000000005	-0.5171727204734454
5.524	-0.2004169551172828
5.5280000000000005	-0.15370299504558338
5.532	-0.49804095743746823
5.5360000000000005	-0.9387885979774815
5.54	-1.0431613602099454
5.5440000000000005	-0.6490768024214741
5.548	-0.025325772693050252
5.5520000000000005	0.366247810882008
5.556	0.28652903753911024
5.5600000000000005	-0.07228480946682816
5.564	-0.2780814461491709
5.5680000000000005	-0.07169920688998266
5.572	0.3827712484270089
5.5760000000000005	0.643239656794508
5.58	0.39603685879412265
5.5840000000000005	-0.25353158131646586
5.588	-0.8761800143152604
5.5920000000000005	-1.1111587069097988
5.596	-0.9922656065742282
5.6000000000000005	-0.9052485108254723
5.604	-1.2168366384127038
5.6080000000000005	-1.9205856851512062
5.612	-2.6291650862279745
5.6160000000000005	-2.92109780817021
5.62	-2.7208548431241963
5.6240000000000006	-2.360138400846823
5.628	-2.2640081200442794
5.632	-2.553598947810408
5.636	-2.934406935843321
5.64	-2.973798940451629
5.644	-2.5098566669552076
5.648	-1.811547430087671
5.652	-1.340903488444329
5.656	-1.3372394913766774
5.66	-1.6085687877444914
5.664	-1.7230000871286564
5.668	-1.4216025206826055
5.672	-0.8687067652527459
5.676	-0.5066517146965558
5.68	-0.6493631451071209
5.684	-1.1917994464898924
5.688	-1.7049455947031775
5.692	-1.8283284687292378
5.696	-1.5960279167651312
5.7	-1.3940782133929446
5.704	-1.5894989071035304
5.708	-2.1761391427320476
5.712	-2.7669641824860918
5.716	-2.9407944506291606
5.72	-2.6223992763557176
5.724	-2.143779332157241
5.728	-1.9302920912184738
5.732	-2.1033689544998313
5.736	-2.3688002980854677
5.74	-2.2942444297013687
5.744	-1.7180708968839729
5.748	-0.909530520267905
5.752	-0.3309340118747064
5.756	-0.22186871860803348
5.76	-0.3906142421496561
5.764	-0.40553842759361397
5.768	-0.007961769699202481
5.772	0.6375420979552268
5.776	1.0884003453830229
5.78	1.0304628719090174
5.784	0.568557141155295
5.788	0.13149475005271627
5.792	0.0795566254456867
5.796	0.3784824434995254
5.8	0.6420696284275618
5.804	0.5031429301112532
5.808	-0.032289505019748026
5.812	-0.5773222945217023
5.816	-0.7108915378560922
5.82	-0.35786826706033925
5.824	0.14965937179674493
5.828	0.3862608821852202
5.832	0.23044647449380018
5.836	-0.023617833822717982
5.84	0.05638093539221101
5.844	0.6320594853623709
5.848	1.4341682458223204
5.852	2.00041275157166
5.856	2.091236857937027
5.86	1.898407042058033
5.864	1.8536162978533397
5.868	2.2156195760831783
5.872	2.8199331046132547
5.876	3.224088103828809
5.88	3.1140524495126907
5.884	2.5947852098131983
5.888	2.095242881811414
5.892	1.975864222094565
5.896	2.2025592674727075
5.9	2.3893079033598643
5.904	2.169128980480955
5.908	1.5482358954363975
5.912	0.9137499116890098
5.916	0.686960896309025
5.92	0.9432332984937076
5.924	1.3507233732652992
5.928	1.4842533276625227
5.932	1.22259373977005
5.936	0.8601780011540896
5.94	0.8295927950875135
5.944	1.2927341695129686
5.948	1.9806368328377095
5.952	2.431294814373872
5.956	2.405443951040146
5.96	2.095145451075532
5.964	1.932389044489494
5.968	2.176227673543379
5.972	2.6624760602622306
5.976	2.9489636678257836
5.98	2.7219556100605335
5.984	2.086706437557801
5.988	1.4724656278263875
5.992	1.2399616757732217
5.996	1.3553903825145337
6.0	1.4330127018922436
6.0040000000000004	1.1061231471776602
6.008	0.3812046752887115
6.0120000000000005	-0.35435867315702096
6.016	-0.6790217008932452
6.0200000000000005	-0.517172720473449
6.024	-0.20041695511726065
6.0280000000000005	-0.15370299504558305
6.032	-0.4980409574374906
6.0360000000000005	-0.9387885979774722
6.04	-1.043161360209925
6.0440000000000005	-0.6490768024214719
6.048	-0.025325772693048088
6.0520000000000005	0.3662478108820286
6.056	0.2865290375391622
6.0600000000000005	-0.07228480946684748
6.064	-0.27808144614918207
6.0680000000000005	-0.07169920688995735
6.072	0.3827712484270349
6.0760000000000005	0.6432396567944983
6.08	0.39603685879412603
6.0840000000000005	-0.253531581316468
6.088	-0.8761800143152807
6.0920000000000005	-1.1111587069098083
6.096	-0.9922656065742107
6.1000000000000005	-0.9052485108254824
6.104	-1.216836638412725
6.1080000000000005	-1.9205856851512129
6.112	-2.6291650862279763
6.1160000000000005	-2.9210978081702175
6.12	-2.720854843124194
6.1240000000000006	-2.360138400846808
6.128	-2.264008120044259
6.132000000000001	-2.553598947810517
6.136	-2.934406935843332
6.140000000000001	-2.9737989404515695
6.144	-2.509856666955187
6.148	-1.8115474300876584
6.152	-1.3409034884443203
6.156	-1.337239491376638
6.16	-1.6085687877444985
6.164	-1.7230000871286548
6.168	-1.4216025206825949
6.172	-0.8687067652527347
6.176	-0.5066517146965515
6.18	-0.6493631451071282
6.184	-1.1917994464899104
6.188	-1.7049455947031904
6.192	-1.828328468729232
6.196	-1.5960279167651203
6.2	-1.3940782133929506
6.204	-1.5894989071035348
6.208	-2.1761391427320578
6.212	-2.766964182486111
6.216	-2.9407944506291686
6.22	-2.622399276355699
6.224	-2.143779332157243
6.228	-1.93029209121847
6.232	-2.1033689544998295
6.236	-2.3688002980854623
6.24	-2.2942444297013744
6.244	-1.718070896883969
6.248	-0.9095305202678774
6.252	-0.3309340118746881
6.256	-0.22186871860805102
6.26	-0.39061424214967566
6.264	-0.4055384275935989
6.268	-0.007961769699178056
6.272	0.6375420979551054
6.276	1.0884003453830113
6.28	1.0304628719090212
6.284	0.5685571411552655
6.288	0.13149475005269273
6.292	0.07955662544570202
6.296	0.37848244349954513
6.3	0.6420696284275472
6.304	0.5031429301112557
6.308	-0.03228950501975142
6.312	-0.5773222945217278
6.316	-0.7108915378561053
6.32	-0.35786826706031666
6.324	0.14965937179676547
6.328	0.3862608821852054
6.332	0.23044647449377864
6.336	-0.023617833822711654
6.34	0.056380935392228326
6.344	0.6320594853622205
6.348	1.4341682458223253
6.352	2.0004127515716763
6.356	2.091236857937013
6.36	1.8984070420580175
6.364	1.8536162978533504
6.368	2.2156195760831974
6.372	2.8199331046131397
6.376	3.2240881038288185
6.38	3.1140524495126867
6.384	2.5947852098131774
6.388	2.0952428818113993
6.392	1.975864222094571
6.396	2.202559267472717
6.4	2.389307903359861
6.404	2.1691289804809415
6.408	1.5482358954363822
6.412	0.9137499116889991
6.416	0.6869608963090259
6.42	0.9432332984937181
6.424	1.3507233732653057
6.428	1.4842533276625232
6.432	1.2225937397700442
6.436	0.8601780011540807
6.44	0.8295927950875157
6.444	1.2927341695128347
6.448	1.9806368328377202
6.452	2.431294814373872
6.456	2.405443951040149
6.46	2.095145451075534
6.464	1.9323890444894882
6.468	2.1762276735433828
6.472	2.6624760602621333
6.476	2.9489636678257964
6.48	2.7219556100605145
6.484	2.086706437557776
6.488	1.4724656278263901
6.492	1.2399616757732352
6.496	1.3553903825145284
6.5	1.4330127018922316
6.5040000000000004	1.106123147177662
6.508	0.38120467528868207
6.5120000000000005	-0.35435867315704506
6.516	-0.6790217008932394
6.5200000000000005	-0.5171727204734253
6.524	-0.2004169551172661
6.5280000000000005	-0.15370299504557033
6.532	-0.49804095743748455
6.5360000000000005	-0.9387885979774915
6.54	-1.0431613602099328
6.5440000000000005	-0.6490768024215959
6.548	-0.025325772693017445
6.5520000000000005	0.3662478108820212
6.556	0.28652903753914444
6.5600000000000005	-0.07228480946683913
6.564	-0.2780814461491659
6.5680000000000005	-0.07169920688995901
6.572	0.3827712484269149
6.5760000000000005	0.6432396567945144
6.58	0.3960368587941041
6.5840000000000005	-0.2535315813164945
6.588	-0.8761800143152771
6.5920000000000005	-1.1111587069097948
6.596	-0.9922656065742154
6.6000000000000005	-0.9052485108254716
6.604	-1.2168366384127258
6.6080000000000005	-1.920585685151239
6.612	-2.6291650862279967
6.6160000000000005	-2.921097808170217
6.62	-2.7208548431241764
6.6240000000000006	-2.3601384008468065
6.628	-2.264008120044267
6.632000000000001	-2.55359894781052
6.636	-2.9344069358433313
6.640000000000001	-2.973798940451568
6.644	-2.50985666695533
6.648000000000001	-1.8115474300874919
6.652	-1.3409034884443165
6.656000000000001	-1.3372394913766894
6.66	-1.6085687877445032
6.664	-1.7230000871286524
6.668	-1.4216025206825826
6.672	-0.8687067652528412
6.676	-0.5066517146965505
6.68	-0.6493631451071403
6.684	-1.1917994464899224
6.688	-1.7049455947031102
6.692	-1.828328468729235
6.696	-1.5960279167651195
6.7	-1.394078213392945
6.704	-1.5894989071035528
6.708	-2.1761391427320818
6.712	-2.766964182486115
6.716	-2.940794450629169
6.72	-2.6223992763556985
6.724	-2.143779332157226
6.728	-1.930292091218462
6.732	-2.103368954499849
6.736	-2.3688002980854788
6.74	-2.2942444297013576
6.744	-1.7180708968840963
6.748	-0.9095305202678743
6.752	-0.3309340118746951
6.756	-0.22186871860804303
6.76	-0.390614242149669
6.764	-0.40553842759361075
6.768	-0.007961769699180665
6.772	0.6375420979551311
6.776	1.0884003453830278
6.78	1.030462871908997
6.784	0.5685571411552646
6.788	0.1314947500527831
6.792	0.07955662544568887
6.796	0.3784824434995366
6.8	0.6420696284275609
6.804	0.50314293011123
6.808	-0.03228950501978268
6.812	-0.577322294521726
6.816	-0.7108915378561004
6.82	-0.35786826706032093
6.824	0.1496593717967597
6.828	0.38626088218521615
6.832	0.23044647449378208
6.836	-0.02361783382272964
6.84	0.05638093539222233
6.844	0.6320594853622473
6.848	1.4341682458223515
6.852	2.000412751571672
6.856	2.0912368579370177
6.86	1.8984070420580776
6.864	1.8536162978533428
6.868	2.2156195760832005
6.872	2.8199331046131597
6.876	3.224088103828814
6.88	3.1140524495126707
6.884	2.5947852098131685
6.888	2.095242881811481
6.892	1.9758642220945675
6.896	2.202559267472719
6.9	2.3893079033598643
6.904	2.1691289804809326
6.908	1.5482358954363638
6.912	0.9137499116889868
6.916	0.6869608963090179
6.92	0.9432332984937271
6.924	1.350723373265315
6.928	1.4842533276625194
6.932	1.2225937397701159
6.936	0.8601780011540792
6.94	0.8295927950875259
6.944	1.2927341695128463
6.948	1.9806368328377417
6.952	2.4312948143738846
6.956	2.405443951040138
6.96	2.0951454510755787
6.964	1.932389044489499
6.968	2.176227673543403
6.972	2.6624760602621365
6.976	2.9489636678257902
6.98	2.721955610060515
6.984	2.0867064375577726
6.988	1.4724656278264563
6.992	1.2399616757732255
6.996	1.3553903825145466
7.0	1.4330127018922445
7.0040000000000004	1.106123147177639
7.008	0.38120467528867863
7.0120000000000005	-0.3543586731570427
7.016	-0.6790217008932515
7.0200000000000005	-0.5171727204734287
7.024	-0.2004169551172439
7.0280000000000005	-0.15370299504558532
7.032	-0.4980409574374236
7.0360000000000005	-0.9387885979774824
7.04	-1.043161360209912
7.0440000000000005	-0.6490768024215936
7.048	-0.025325772693015336
7.0520000000000005	0.36624781088204184
7.056	0.2865290375391546
7.0600000000000005	-0.07228480946680069
7.064	-0.27808144614917696
7.0680000000000005	-0.07169920688993353
7.072	0.38277124842694105
7.0760000000000005	0.6432396567945048
7.08	0.39603685879410755
7.0840000000000005	-0.25353158131649656
7.088	-0.8761800143152121
7.0920000000000005	-1.1111587069098046
7.096	-0.9922656065741979
7.1000000000000005	-0.9052485108254817
7.104	-1.2168366384127467
7.1080000000000005	-1.9205856851512464
7.112	-2.6291650862279985
7.1160000000000005	-2.921097808170224
7.12	-2.720854843124174
7.1240000000000006	-2.3601384008467914
7.128	-2.2640081200442617
7.132000000000001	-2.553598947810451
7.136	-2.9344069358433424
7.140000000000001	-2.9737989404515575
7.144	-2.5098566669553097
7.148000000000001	-1.8115474300874792
7.152	-1.3409034884443076
7.156000000000001	-1.337239491376692
7.16	-1.6085687877444528
7.164000000000001	-1.723000087128632
7.168	-1.421602520682572
7.172	-0.8687067652528294
7.176	-0.5066517146965459
7.18	-0.6493631451071478
7.184	-1.1917994464899402
7.188	-1.704945594703123
7.192	-1.828328468729229
7.196	-1.5960279167651084
7.2	-1.394078213392951
7.204	-1.58949890710345
7.208	-2.1761391427320915
7.212	-2.7669641824861344
7.216	-2.9407944506291765
7.22	-2.6223992763556803
7.224	-2.143779332157228
7.228	-1.9302920912184736
7.232	-2.1033689544997642
7.236	-2.368800298085474
7.24	-2.2942444297013633
7.244	-1.7180708968840928
7.248	-0.9095305202678469
7.252	-0.3309340118746769
7.256	-0.2218687186080605
7.26	-0.3906142421496306
7.264	-0.40553842759359593
7.268	-0.00796176969915613
7.272	0.6375420979551292
7.276	1.088400345383016
7.28	1.0304628719090008
7.284	0.5685571411552351
7.288	0.13149475005275957
7.292	0.07955662544570419
7.296	0.37848244349955634
7.3	0.6420696284275462
7.304	0.5031429301113401
7.308	-0.03228950501978613
7.312	-0.5773222945217517
7.316	-0.7108915378561135
7.32	-0.3578682670602983
7.324	0.1496593717967803
7.328	0.3862608821852013
7.332	0.2304464744938437
7.336	-0.023617833822723533
7.34	0.05638093539223943
7.344	0.6320594853622516
7.348	1.434168245822356
7.352	2.0004127515716874
7.356	2.0912368579370035
7.36	1.8984070420580625
7.364	1.8536162978533537
7.368	2.21561957608322
7.372	2.8199331046131637
7.376	3.2240881038287967
7.38	3.114052449512667
7.384	2.5947852098131476
7.388	2.0952428818114672
7.392	1.9758642220945732
7.396	2.202559267472729
7.4	2.389307903359861
7.404	2.1691289804810268
7.408	1.5482358954363487
7.412	0.9137499116889763
7.416	0.6869608963090188
7.42	0.9432332984937373
7.424	1.3507233732653217
7.428	1.48425332766252
7.432	1.2225937397701103
7.436	0.8601780011540701
7.44	0.8295927950875279
7.444	1.2927341695128673
7.448	1.9806368328375987
7.452	2.431294814373885
7.456	2.405443951040141
7.46	2.09514545107558
7.464	1.9323890444894933
7.468	2.1762276735434063
7.472	2.662476060262158
7.476	2.9489636678257756
7.48	2.7219556100604954
7.484	2.0867064375577478
7.488	1.4724656278264587
7.492	1.2399616757732392
7.496	1.3553903825145412
7.5	1.4330127018922574
7.5040000000000004	1.1061231471777484
7.508	0.38120467528864926
7.5120000000000005	-0.35435867315706693
7.516	-0.6790217008932367
7.5200000000000005	-0.5171727204734048
7.524	-0.20041695511724944
7.5280000000000005	-0.1537029950455724
7.532	-0.49804095743741766
7.5360000000000005	-0.9387885979775015
7.54	-1.0431613602099197
7.5440000000000005	-0.649076802421563
7.548	-0.02532577269313835
7.5520000000000005	0.3662478108820343
7.556	0.2865290375391367
7.5600000000000005	-0.07228480946679233
7.564	-0.2780814461491609
7.5680000000000005	-0.07169920688993531
7.572	0.38277124842694066
7.5760000000000005	0.6432396567944939
7.58	0.3960368587940857
7.5840000000000005	-0.25353158131652315
7.588	-0.8761800143152085
7.5920000000000005	-1.111158706909791
7.596	-0.9922656065742026
7.6000000000000005	-0.9052485108254708
7.604	-1.2168366384126394
7.6080000000000005	-1.9205856851512724
7.612	-2.629165086228019
7.6160000000000005	-2.921097808170215
7.62	-2.7208548431242496
7.6240000000000006	-2.36013840084679
7.628	-2.2640081200442697
7.632000000000001	-2.5535989478104537
7.636	-2.9344069358433424
7.640000000000001	-2.9737989404515557
7.644	-2.5098566669552973
7.648000000000001	-1.8115474300876135
7.652	-1.340903488444304
7.656000000000001	-1.3372394913766983
7.66	-1.6085687877444574
7.664000000000001	-1.7230000871286295
7.668	-1.4216025206825602
7.672000000000001	-0.868706765252697
7.676	-0.5066517146965719
7.68	-0.6493631451071601
7.684	-1.1917994464899522
7.688	-1.704945594703128
7.692	-1.8283284687292323
7.696	-1.5960279167651077
7.7	-1.3940782133929455
7.704	-1.5894989071034678
7.708	-2.176139142732116
7.712	-2.7669641824861384
7.716	-2.9407944506291672
7.72	-2.622399276355773
7.724	-2.143779332157211
7.728	-1.930292091218466
7.732	-2.103368954499784
7.736	-2.3688002980854908
7.74	-2.2942444297013465
7.744	-1.718070896884065
7.748	-0.9095305202679969
7.752	-0.33093401187468363
7.756	-0.22186871860805246
7.76	-0.3906142421496239
7.764	-0.40553842759360764
7.768	-0.007961769699158683
7.772	0.6375420979551548
7.776	1.0884003453830053
7.78	1.0304628719089766
7.784	0.568557141155234
7.788	0.13149475005276434
7.792	0.07955662544567593
7.796	0.3784824434995476
7.8	0.6420696284275599
7.804	0.5031429301113145
7.808	-0.032289505019817394
7.812	-0.5773222945217498
7.816	-0.7108915378560994
7.82	-0.3578682670603959
7.824	0.14965937179677458
7.828	0.3862608821852121
7.832	0.23044647449384714
7.836	-0.023617833822741408
7.84	0.05638093539223343
7.844	0.6320594853622787
7.848	1.4341682458222287
7.852	2.000412751571683
7.856	2.0912368579370084
7.86	1.8984070420580654
7.864	1.8536162978533461
7.868	2.2156195760832227
7.872	2.8199331046131837
7.876	3.2240881038287927
7.88	3.114052449512651
7.884	2.5947852098131388
7.888	2.0952428818114632
7.892	1.9758642220945555
7.896	2.202559267472731
7.9	2.389307903359864
7.904	2.169128980481018
7.908	1.54823589543633
7.912	0.9137499116889639
7.916	0.6869608963090197
7.92	0.9432332984936531
7.924	1.350723373265331
7.928	1.4842533276625165
7.932	1.222593739770099
7.936	0.8601780011540683
7.94	0.8295927950875381
7.944	1.2927341695128785
7.948	1.9806368328376203
7.952	2.4312948143738975
7.956	2.4054439510401298
7.96	2.095145451075567
7.964	1.9323890444894838
7.968	2.1762276735434267
7.972	2.6624760602621618
7.976	2.948963667825769
7.98	2.721955610060496
7.984	2.086706437557744
7.988	1.472465627826439
7.992	1.2399616757732144
7.996	1.3553903825145597
8.0	1.4330127018922456
8.004	1.106123147177858
8.008000000000001	0.3812046752884568
8.012	-0.3543586731570646
8.016	-0.6790217008932486
8.02	-0.5171727204735682
8.024000000000001	-0.20041695511717894
8.028	-0.1537029950455876
8.032	-0.49804095743743987
8.036	-0.9387885979774394
8.040000000000001	-1.0431613602098695
8.044	-0.6490768024215606
8.048	-0.025325772693136184
8.052	0.3662478108819961
8.056000000000001	0.28652903753907705
8.06	-0.07228480946681168
8.064	-0.2780814461491915
8.068	-0.07169920688999326
8.072000000000001	0.3827712484270599
8.076	0.6432396567944842
8.08	0.396036858794089
8.084	-0.2535315813163582
8.088000000000001	-0.8761800143153381
8.092	-1.1111587069098157
8.096	-0.992265606574185
8.1	-0.9052485108254598
8.104000000000001	-1.2168366384127882
8.108	-1.9205856851512793
8.112	-2.6291650862280207
8.116	-2.921097808170214
8.120000000000001	-2.720854843124154
8.124	-2.360138400846779
8.128	-2.2640081200442643
8.132	-2.5535989478103485
8.136000000000001	-2.934406935843353
8.14	-2.973798940451545
8.144	-2.5098566669552245
8.148	-1.8115474300877479
8.152000000000001	-1.3409034884442441
8.156	-1.3372394913766479
8.16	-1.6085687877444763
8.164	-1.72300008712863
8.168000000000001	-1.421602520682414
8.172	-0.8687067652527924
8.176	-0.5066517146965711
8.18	-0.6493631451071851
8.184000000000001	-1.1917994464899944
8.188	-1.7049455947032601
8.192	-1.8283284687292762
8.196	-1.5960279167652103
8.2	-1.3940782133930196
8.204	-1.5894989071037307
8.208	-2.176139142732013
8.212	-2.766964182486199
8.216	-2.940794450629222
8.22	-2.6223992763556616
8.224	-2.1437793321572163
8.228	-1.9302920912184516
8.232	-2.1033689544996954
8.236	-2.3688002980854805
8.24	-2.294244429701364
8.244	-1.7180708968840086
8.248	-0.9095305202679371
8.252	-0.33093401187460925
8.256	-0.2218687186080172
8.26	-0.39061424214965546
8.264	-0.4055384275936224
8.268	-0.007961769698999754
8.272	0.6375420979550441
8.276	1.08840034538299
8.28	1.0304628719090283
8.284	0.5685571411552024
8.288	0.1314947500526995
8.292	0.0795566254456565
8.296	0.378482443499367
8.3	0.6420696284275167
8.304	0.5031429301111541
8.308	-0.03228950501970755
8.312	-0.5773222945217067
8.316	-0.7108915378560976
8.32	-0.35786826706039104
8.324	0.14965937179679134
8.328	0.3862608821852386
8.332	0.2304464744937916
8.336	-0.023617833822699108
8.34	0.05638093539223887
8.344	0.6320594853621586
8.348	1.4341682458226188
8.352	2.0004127515716967
8.356	2.0912368579370466
8.36	1.8984070420580774
8.364	1.8536162978534105
8.368	2.215619576083266
8.372	2.8199331046130793
8.376	3.224088103828757
8.38	3.114052449512549
8.384	2.59478520981323
8.388	2.0952428818114077
8.392	1.9758642220945029
8.396	2.2025592674726853
8.4	2.389307903359804
8.404	2.1691289804808416
8.408	1.5482358954365878
8.412	0.9137499116888019
8.416	0.6869608963089993
8.42	0.9432332984936458
8.424	1.3507233732652604
8.428	1.4842533276625236
8.432	1.2225937397701174
8.436	0.8601780011540958
8.44	0.8295927950874786
8.444	1.2927341695130976
8.448	1.980636832837841
8.452	2.431294814373895
8.456	2.405443951040227
8.46	2.095145451075484
8.464	1.932389044489514
8.468	2.176227673543454
8.472	2.6624760602619553
8.476	2.9489636678257862
8.48	2.7219556100604594
8.484	2.086706437557831
8.488	1.4724656278265078
8.492	1.2399616757731853
8.496	1.3553903825144404
8.5	1.4330127018921766
8.504	1.1061231471776973
8.508000000000001	0.38120467528854074
8.512	-0.3543586731571302
8.516	-0.6790217008932734
8.52	-0.517172720473562
8.524000000000001	-0.20041695511718816
8.528	-0.15370299504554868
8.532	-0.49804095743740967
8.536	-0.938788597977394
8.540000000000001	-1.043161360209889
8.544	-0.649076802421477
8.548	-0.0253257726928956
8.552	0.3662478108820144
8.556000000000001	0.28652903753914005
8.56	-0.07228480946681515
8.564	-0.27808144614913927
8.568	-0.07169920688997056
8.572000000000001	0.38277124842697696
8.576	0.6432396567944968
8.58	0.3960368587940496
8.584	-0.2535315813162726
8.588000000000001	-0.8761800143153762
8.592	-1.111158706909837
8.596	-0.9922656065743033
8.6	-0.9052485108255269
8.604000000000001	-1.2168366384129519
8.608	-1.920585685151192
8.612	-2.6291650862280824
8.616	-2.921097808170261
8.620000000000001	-2.7208548431241693
8.624	-2.3601384008467776
8.628	-2.264008120044246
8.632	-2.5535989478103507
8.636000000000001	-2.93440693584338
8.64	-2.9737989404515552
8.644	-2.5098566669552125
8.648	-1.8115474300875185
8.652000000000001	-1.3409034884442408
8.656	-1.3372394913766539
8.66	-1.6085687877444812
8.664	-1.7230000871286275
8.668000000000001	-1.4216025206824026
8.672	-0.868706765252781
8.676	-0.5066517146965701
8.68	-0.6493631451071972
8.684000000000001	-1.1917994464900061
8.688	-1.704945594703273
8.692	-1.828328468729279
8.696	-1.5960279167652096
8.700000000000001	-1.3940782133930028
8.704	-1.589498907103748
8.708	-2.176139142732037
8.712	-2.7669641824862032
8.716	-2.940794450629232
8.72	-2.6223992763556607
8.724	-2.1437793321571994
8.728	-1.930292091218444
8.732	-2.103368954499694
8.736	-2.3688002980854974
8.74	-2.2942444297013473
8.744	-1.718070896883981
8.748	-0.9095305202679095
8.752	-0.330934011874591
8.756	-0.22186871860800922
8.76	-0.3906142421496488
8.764	-0.4055384275936341
8.768	-0.007961769698975218
8.772	0.6375420979550698
8.776	1.0884003453830062
8.78	1.030462871909004
8.784	0.5685571411552014
8.788	0.13149475005270428
8.792	0.07955662544564329
8.796	0.3784824434993583
8.8	0.6420696284275303
8.804	0.5031429301111284
8.808	-0.032289505019738866
8.812	-0.5773222945217322
8.816	-0.7108915378561018
8.82	-0.3578682670603951
8.824	0.14965937179678585
8.828	0.3862608821852239
8.832	0.2304464744937702
8.836	-0.023617833822716983
8.84	0.056380935392232545
8.844	0.6320594853621855
8.848	1.4341682458226237
8.852	2.0004127515716923
8.856	2.0912368579370515
8.86	1.8984070420581958
8.864	1.8536162978534034
8.868	2.215619576083269
8.872	2.819933104613099
8.876	3.224088103828767
8.88	3.1140524495125326
8.884	2.594785209813221
8.888	2.0952428818114033
8.892	1.9758642220945086
8.896	2.2025592674726955
8.9	2.389307903359807
8.904	2.1691289804808322
8.908	1.5482358954365694
8.912	0.9137499116887913
8.916	0.6869608963089818
8.92	0.9432332984936548
8.924	1.3507233732652697
8.928	1.48425332766252
8.932	1.222593739770106
8.936	0.8601780011540938
8.94	0.8295927950874886
8.944	1.2927341695131087
8.948	1.9806368328378623
8.952	2.4312948143739073
8.956	2.40544395104023
8.96	2.095145451075587
8.964	1.9323890444895246
8.968	2.1762276735434742
8.972	2.662476060261977
8.976	2.948963667825799
8.98	2.72195561006046
8.984	2.0867064375578273
8.988	1.4724656278264887
8.992	1.2399616757731986
8.996	1.3553903825144589
9.0	1.4330127018921894
9.004	1.106123147177674
9.008000000000001	0.3812046752885373
9.012	-0.35435867315712793
9.016	-0.6790217008932855
9.02	-0.5171727204735654
9.024000000000001	-0.20041695511716584
9.028	-0.15370299504556378
9.032	-0.4980409574374319
9.036	-0.9387885979774131
9.040000000000001	-1.0431613602098684
9.044	-0.6490768024214748
9.048	-0.025325772692893378
9.052	0.3662478108820069
9.056000000000001	0.28652903753912223
9.06	-0.07228480946671878
9.064	-0.2780814461491504
9.068	-0.07169920688994524
9.072000000000001	0.38277124842697663
9.076	0.6432396567944874
9.08	0.39603685879405304
9.084	-0.2535315813162748
9.088000000000001	-0.8761800143153966
9.092	-1.1111587069098467
9.096	-0.9922656065742858
9.1	-0.9052485108255159
9.104000000000001	-1.2168366384127574
9.108	-1.9205856851511989
9.112	-2.6291650862280846
9.116	-2.9210978081702508
9.120000000000001	-2.720854843124152
9.124	-2.3601384008467625
9.128	-2.264008120044241
9.132	-2.5535989478103653
9.136000000000001	-2.93440693584338
9.14	-2.9737989404515446
9.144	-2.5098566669551925
9.148	-1.811547430087506
9.152000000000001	-1.340903488444232
9.156	-1.337239491376656
9.16	-1.6085687877443726
9.164	-1.7230000871286257
9.168000000000001	-1.4216025206823912
9.172	-0.8687067652527678
9.176	-0.5066517146965654
9.18	-0.6493631451072046
9.184000000000001	-1.1917994464900241
9.188	-1.7049455947032781
9.192	-1.8283284687292731
9.196	-1.5960279167651987
9.200000000000001	-1.394078213392997
9.204	-1.5894989071035375
9.208	-2.176139142732047
9.212	-2.7669641824862223
9.216000000000001	-2.9407944506291877
9.22	-2.6223992763556425
9.224	-2.1437793321572016
9.228	-1.9302920912184556
9.232	-2.1033689544997136
9.236	-2.3688002980854925
9.24	-2.2942444297013527
9.244	-1.7180708968839773
9.248	-0.909530520267906
9.252	-0.330934011874598
9.256	-0.22186871860802676
9.26	-0.39061424214955265
9.264	-0.4055384275936192
9.268	-0.007961769698977827
9.272	0.6375420979550679
9.276	1.0884003453829947
9.28	1.030462871909008
9.284	0.568557141155172
9.288	0.1314947500526807
9.292	0.07955662544565856
9.296	0.37848244349937804
9.3	0.6420696284275157
9.304	0.5031429301113464
9.308	-0.03228950501974226
9.312	-0.5773222945217305
9.316	-0.7108915378561149
9.32	-0.35786826706037245
9.324	0.14965937179680627
9.328	0.3862608821852345
9.332	0.23044647449377362
9.336	-0.023617833822710654
9.34	0.05638093539224992
9.344	0.6320594853621899
9.348	1.43416824582265
9.352	2.0004127515717083
9.356	2.0912368579370373
9.36	1.8984070420581802
9.364	1.8536162978534136
9.368	2.2156195760832884
9.372	2.8199331046131038
9.376	3.2240881038287625
9.38	3.1140524495125286
9.384	2.5947852098132005
9.388	2.0952428818113895
9.392	1.9758642220945055
9.396	2.2025592674726973
9.4	2.389307903359804
9.404	2.1691289804810348
9.408	1.548235895436554
9.412	0.9137499116887791
9.416	0.6869608963089828
9.42	0.943233298493665
9.424	1.3507233732652764
9.428	1.4842533276625205
9.432	1.2225937397701003
9.436	0.8601780011540849
9.44	0.8295927950874908
9.444	1.2927341695131298
9.448	1.9806368328375659
9.452	2.4312948143739077
9.456	2.405443951040219
9.46	2.095145451075589
9.464	1.9323890444895186
9.468	2.1762276735434773
9.472	2.662476060261981
9.476	2.9489636678257924
9.48	2.7219556100604403
9.484	2.086706437557802
9.488	1.472465627826491
9.492	1.239961675773189
9.496	1.3553903825144533
9.5	1.4330127018922019
9.504	1.1061231471778914
9.508000000000001	0.3812046752885079
9.512	-0.35435867315715214
9.516	-0.6790217008932706
9.52	-0.5171727204735417
9.524000000000001	-0.2004169551171714
9.528	-0.1537029950455509
9.532	-0.4980409574374259
9.536	-0.938788597977404
9.540000000000001	-1.0431613602098762
9.544	-0.649076802421444
9.548	-0.0253257726931701
9.552	0.3662478108820275
9.556000000000001	0.2865290375391324
9.56	-0.0722848094667104
9.564	-0.27808144614913427
9.568	-0.07169920688994685
9.572000000000001	0.38277124842700255
9.576	0.6432396567945032
9.58	0.39603685879403105
9.584	-0.2535315813163015
9.588000000000001	-0.876180014315393
9.592	-1.111158706909833
9.596	-0.9922656065742903
9.6	-0.9052485108255263
9.604000000000001	-1.216836638412758
9.608	-1.920585685151225
9.612	-2.6291650862281046
9.616	-2.9210978081702583
9.620000000000001	-2.7208548431241497
9.624	-2.360138400846761
9.628	-2.264008120044249
9.632	-2.5535989478103676
9.636000000000001	-2.9344069358433904
9.64	-2.9737989404515432
9.644	-2.50985666695518
9.648	-1.8115474300877934
9.652000000000001	-1.3409034884442284
9.656	-1.3372394913766623
9.66	-1.6085687877443773
9.664	-1.7230000871286233
9.668000000000001	-1.4216025206823797
9.672	-0.8687067652527563
9.676	-0.5066517146965646
9.68	-0.6493631451072165
9.684000000000001	-1.1917994464900359
9.688	-1.7049455947032908
9.692	-1.8283284687292762
9.696	-1.5960279167651976
9.700000000000001	-1.3940782133930032
9.704	-1.5894989071035555
9.708	-2.176139142732071
9.712	-2.7669641824862263
9.716000000000001	-2.9407944506291948
9.72	-2.622399276355642
9.724	-2.1437793321571843
9.728	-1.9302920912184478
9.732	-2.1033689544997123
9.736	-2.368800298085509
9.74	-2.294244429701336
9.744	-1.7180708968839502
9.748	-0.909530520268186
9.752	-0.3309340118745798
9.756	-0.22186871860801877
9.76	-0.39061424214954593
9.764	-0.4055384275936311
9.768	-0.007961769698953403
9.772	0.6375420979550936
9.776	1.0884003453830111
9.78	1.0304628719089837
9.784	0.5685571411551709
9.788	0.13149475005268557
9.792	0.07955662544561531
9.796	0.3784824434993695
9.8	0.6420696284275293
9.804	0.5031429301113207
9.808	-0.03228950501977352
9.812	-0.577322294521756
9.816	-0.7108915378561009
9.82	-0.35786826706037667
9.824	0.14965937179680067
9.828	0.38626088218521976
9.832	0.23044647449375197
9.836	-0.02361783382272875
9.84	0.0563809353922437
9.844	0.6320594853622167
9.848	1.4341682458223473
9.852	2.0004127515717034
9.856	2.0912368579370426
9.86	1.8984070420581831
9.864	1.8536162978534072
9.868	2.215619576083291
9.872	2.8199331046131233
9.876	3.224088103828772
9.88	3.114052449512513
9.884	2.594785209813191
9.888	2.0952428818113855
9.892	1.975864222094481
9.896	2.202559267472707
9.9	2.3893079033598066
9.904	2.169128980481026
9.908	1.5482358954365356
9.912	0.9137499116887684
9.916	0.6869608963089838
9.92	0.9432332984936742
9.924	1.3507233732652852
9.928	1.484253327662517
9.932	1.2225937397700892
9.936	0.8601780011540828
9.94	0.8295927950875008
9.944	1.2927341695131414
9.948	1.9806368328375874
9.952	2.4312948143739197
9.956	2.4054439510402217
9.96	2.0951454510755756
9.964	1.9323890444895293
9.968	2.1762276735434973
9.972	2.6624760602620023
9.976	2.9489636678258053
9.98	2.7219556100604416
9.984	2.086706437557799
9.988	1.4724656278264716
9.992	1.2399616757731726
9.996	1.355390382514472
